 79.32558973  79.28912081  -1.        
 79.23349639  78.67387064  -1.        
 78.69565416  78.66863652  -1.        
 79.38045114  78.6954883   -1.        
 79.04416988  78.62294437  -1.        
 79.01801892  79.19228912  -1.        
 78.79785638  79.93424711  -1.        
 79.36061959  77.84064285  -1.        
 78.89830497  78.85111419  -1.        
 78.58079438  79.44968847  -1.        
 79.23163058  79.38860786  -1.        
 79.5899447   79.39855972  -1.        
 79.12734934  78.52223391  -1.        
 79.38388973  78.6333732   -1.        
 79.02483739  78.67243037  -1.        
 78.7343302   79.15833597  -1.        
 78.25034024  78.26805854  -1.        
 78.24974981  79.82764644  -1.        
 78.95038657  78.06203779  -1.        
 78.74432433  79.00383721  -1.        
 78.2002808   79.63002694  -1.        
 78.38805338  79.5540905   -1.        
 78.78175651  80.144925    -1.        
 79.19278526  78.36410223  -1.        
 79.32769038  78.75550955  -1.        
 79.69266564  78.59643914  -1.        
 78.82627051  78.98745504  -1.        
 79.33955255  79.4559458   -1.        
 78.77413304  79.06446345  -1.        
 79.51457504  78.58813917  -1.        
 79.73587594  79.76153983  -1.        
 78.80840531  78.59455574  -1.        
 79.13483452  78.94955742  -1.        
 79.30788157  78.9050838   -1.        
 79.03856849  79.23354649  -1.        
 79.28087638  78.91768267  -1.        
 78.89595561  77.69724176  -1.        
 78.61107663  78.91621355  -1.        
 78.83764737  78.95339294  -1.        
 79.63243292  79.55353517  -1.        
 78.52952468  78.94657777  -1.        
 79.54515325  78.18323094  -1.        
 79.64146691  78.48752057  -1.        
 79.61182713  79.36787074  -1.        
 79.74482632  80.21033596  -1.        
 81.13878056  80.19327695  -1.        
 81.73925202  80.89539591  -1.        
 80.82819934  80.95223553  -1.        
 81.20801983  81.17031812  -1.        
 81.37203422  80.277182    -1.        
 82.12230209  81.43867403   1.        
 81.31787895  80.74467923   1.        
 81.03778598  80.91267331   1.        
 81.5670778   81.37105169   1.        
 80.71195629  80.5037837    1.        
 79.96834144  81.15629326   1.        
 81.09218013  81.62463101   1.        
 81.20969332  81.27020736   1.        
 80.87374223  81.10763956   1.        
 80.79707738  81.67899301   1.        
 80.58258071  80.49270247   1.        
 80.82309115  81.20591815   1.        
 80.420599    80.89751892   1.        
 80.86100256  81.17624951   1.        
 80.76583903  80.81800656   1.        
 81.42980786  80.62792325   1.        
 80.79547416  81.37464606   1.        
 79.84043843  81.06638837   1.        
 81.01885489  81.31275111   1.        
 81.99841457  80.75990826   1.        
 82.1784778   81.37200293   1.        
 81.30576972  81.51981411   1.        
 81.63789657  81.36954519   1.        
 81.4006181   80.54194578   1.        
 81.35897863  80.01704441   1.        
 81.31006335  80.65155828   1.        
 80.83292129  80.1404877    1.        
 80.40466613  80.88856221   1.        
 80.58693551  80.6343912    1.        
 80.11956017  81.31784897   1.        
 80.6591156   80.54798413   1.        
 81.17083076  79.80183126   1.        
 81.54457193  80.6386876    1.        
 80.90369425  81.46469268   1.        
 81.33047966  81.27203943   1.        
 80.61801922  80.68947107   1.        
 82.47129593  80.60169927   1.        
 81.39659211  80.92830072   1.        
 81.52445139  80.95300007   1.        
 81.08752197  81.26632776   1.        
 80.59137018  80.60345698   1.        
 81.34118769  81.40337762   1.        
 80.74157037  81.2926155    1.        
 81.31352029  81.46141031   1.        
 80.80274444  81.20353953   1.        
 77.95923828  78.53112499   1.        
 78.55203538  79.57431482   1.        
 79.64399522  79.25313165   1.        
 78.81135791  79.37430017   1.        
 78.6668525   80.04122458   1.        
