 62.27541997  62.12280499  -1.        
 62.25973493  62.48180322  -1.        
 62.51119419  62.95043086  -1.        
 62.2391144   62.08332268  -1.        
 61.9627391   62.59589962  -1.        
 63.02351501  62.83763861  -1.        
 63.41063155  62.81524139  -1.        
 62.35280224  62.15693138  -1.        
 61.43898189  62.65790011  -1.        
 63.22865719  62.37020901  -1.        
 62.39257912  61.31034569  -1.        
 63.2962622   62.64496605  -1.        
 63.00940649  62.12045965  -1.        
 62.07382746  62.65860994  -1.        
 62.77373308  62.93352296  -1.        
 63.11684736  62.58289592  -1.        
 62.13341622  62.76336323  -1.        
 62.16274549  62.40935488  -1.        
 62.93471842  62.14913098  -1.        
 62.84165294  61.82584505  -1.        
 62.76210435  62.78195001  -1.        
 62.20073405  62.81989737  -1.        
 62.78781496  63.06149741  -1.        
 62.21375441  63.29919766  -1.        
 62.44029565  62.83061476  -1.        
 62.14718979  63.08014994  -1.        
 63.38350847  62.52076595  -1.        
 62.59698221  62.27502393  -1.        
 62.87106783  61.21047751  -1.        
 60.92065648  63.22568609  -1.        
 62.11162391  61.41736813  -1.        
 62.75228799  62.39722909  -1.        
 61.73275532  61.87809606  -1.        
 63.26124674  63.11869984  -1.        
 61.88738199  62.76410165  -1.        
 62.35352609  62.05996852  -1.        
 61.37581962  62.07309097  -1.        
 62.78689085  62.65475104  -1.        
 62.97195898  62.49571221  -1.        
 62.64428437  61.68239702  -1.        
 62.78279683  63.0080567   -1.        
 62.26521178  63.00503816  -1.        
 61.73879257  62.59381576  -1.        
 61.49764284  62.04103859  -1.        
 63.046938    63.40895803  -1.        
 63.80537974  65.40091485  -1.        
 65.30441015  64.13987465  -1.        
 64.81002787  64.61839558  -1.        
 63.8846926  64.2761266  -1.       
 64.75952181  64.73470894  -1.        
 64.29659885  64.10171334   1.        
 65.45267192  63.27804667   1.        
 65.34908896  64.20892795   1.        
 64.85043612  64.96157908   1.        
 64.18015105  65.00685912   1.        
 64.48375288  64.04330727   1.        
 64.30869372  65.11328333   1.        
 64.18383444  64.31354776   1.        
 64.71949186  64.1400717    1.        
 64.64410343  64.53040846   1.        
 64.33889506  64.02756935   1.        
 65.33681679  64.7055167    1.        
 64.91967308  64.13037606   1.        
 64.37339001  64.68750116   1.        
 63.81699351  64.46256333   1.        
 64.10647708  64.41433073   1.        
 64.44705671  63.45729507   1.        
 64.24338193  64.0406702    1.        
 65.73578121  64.2247802    1.        
 64.42422297  64.25419054   1.        
 64.39270686  64.59887817   1.        
 63.96550349  64.76343547   1.        
 63.68496734  64.48627297   1.        
 64.17906101  64.22643734   1.        
 64.48057444  63.80242256   1.        
 64.98672982  63.90305584   1.        
 64.29437428  64.54764112   1.        
 65.48520437  64.67970533   1.        
 64.42737339  64.6859392    1.        
 65.13113098  65.09609449   1.        
 64.56495759  64.2392366    1.        
 64.85303369  64.67091632   1.        
 65.07699404  64.66880729   1.        
 64.89037613  64.49066961   1.        
 64.69477383  64.01758573   1.        
 64.86161532  64.16939986   1.        
 65.3011942   65.03018318   1.        
 64.05575252  64.32644535   1.        
 65.14860417  64.9693303    1.        
 63.58074621  63.36837802   1.        
 63.48026447  64.56917488   1.        
 65.44587483  63.93688578   1.        
 64.28900675  64.46148517   1.        
 64.04826612  63.8427601    1.        
 64.59021599  64.53241438   1.        
 61.64520205  62.69786518   1.        
 62.44771733  62.70389876   1.        
 62.57313199  62.75985777   1.        
 61.86978204  62.39651742   1.        
 62.39241569  62.5024688    1.        
