 48.64874195  49.43491778  -1.        
 48.82231386  48.91437999  -1.        
 48.85362891  49.06541552  -1.        
 49.71032172  49.82430194  -1.        
 48.61826538  48.717575    -1.        
 50.17240003  49.4813113   -1.        
 49.42331819  49.57534852  -1.        
 49.35463364  49.27137205  -1.        
 48.71928382  48.78292324  -1.        
 49.254548    49.36836578  -1.        
 49.6546676   48.70318494  -1.        
 47.85988463  48.63839687  -1.        
 49.48778523  48.49351662  -1.        
 48.78092811  48.75908443  -1.        
 49.27268424  50.03216932  -1.        
 50.07848606  48.21370085  -1.        
 49.37097402  48.64178563  -1.        
 48.48114624  49.04730822  -1.        
 48.84375981  48.35917303  -1.        
 50.02430401  48.80818827  -1.        
 48.92781771  49.485772    -1.        
 49.10637836  49.26360226  -1.        
 48.4398163   48.58045641  -1.        
 49.26231507  47.73367082  -1.        
 48.40594533  48.51109012  -1.        
 48.74696336  50.04072158  -1.        
 48.64105567  49.01291854  -1.        
 49.0913176   49.93197346  -1.        
 50.10425311  49.01169457  -1.        
 48.71789899  49.21269577  -1.        
 49.44194236  49.66796575  -1.        
 48.41492315  47.92619712  -1.        
 49.58128803  49.35810878  -1.        
 48.97267111  49.2586029   -1.        
 49.06255806  48.54867967  -1.        
 49.72032418  48.91433996  -1.        
 48.65448537  49.28956825  -1.        
 49.48509056  48.67512944  -1.        
 49.45345286  48.09915659  -1.        
 48.75796977  48.83660574  -1.        
 48.20024968  48.66725539  -1.        
 48.60600281  47.93862703  -1.        
 47.98845515  48.77136658  -1.        
 48.81831706  48.75777119  -1.        
 47.90974585  49.02285609  -1.        
 51.21525141  50.92652176  -1.        
 50.27922065  51.6448959   -1.        
 50.67370036  50.72522811  -1.        
 50.61522321  52.08859995  -1.        
 50.677205    50.55955463  -1.        
 51.26000568  50.77549388   1.        
 50.96916445  51.12755081   1.        
 50.84827867  50.55557687   1.        
 51.30046006  51.19342725   1.        
 51.47097392  51.15066957   1.        
 51.22457984  50.95497414   1.        
 50.53881436  51.28937456   1.        
 51.55875076  51.07427785   1.        
 51.71246278  51.17148557   1.        
 51.91072548  50.8010188    1.        
 50.20802914  50.74706636   1.        
 50.90095101  51.46497015   1.        
 50.83180989  51.32511337   1.        
 50.10052614  51.333557     1.        
 51.30941894  50.86902415   1.        
 51.41588457  50.29910066   1.        
 49.37256465  51.45029667   1.        
 51.35923622  50.88406631   1.        
 51.08878644  50.41478521   1.        
 51.47720754  51.63884063   1.        
 51.49381232  51.6963784    1.        
 50.94149361  50.80632814   1.        
 50.58667327  50.17217744   1.        
 50.92355714  51.74033774   1.        
 50.95047836  50.10492875   1.        
 50.6197583   51.43607484   1.        
 50.74500542  50.09657762   1.        
 51.24858006  50.9683312    1.        
 50.17217133  51.48710614   1.        
 51.37004577  52.28976259   1.        
 50.8988389   51.10070887   1.        
 50.03493173  50.75498509   1.        
 51.93056993  51.29584817   1.        
 51.26000514  50.46376613   1.        
 51.56552898  50.56694247   1.        
 50.79200671  50.70183842   1.        
 51.01457109  50.35329565   1.        
 51.60640896  51.16541879   1.        
 51.27681379  51.20978858   1.        
 51.33100011  51.60913677   1.        
 49.8715021   50.93754232   1.        
 50.77538528  50.77244464   1.        
 52.16488978  51.19955587   1.        
 51.42508217  51.01136076   1.        
 50.52634012  50.14600294   1.        
 48.44545686  48.86807021   1.        
 48.75234866  47.95642957   1.        
 49.29900334  49.09979295   1.        
 49.40431779  49.52675634   1.        
 48.93090862  50.00778653   1.        
