 0.41479983  1.06810589 -1.        
 1.02197557  1.03726857 -1.        
 0.63841746  1.08682371 -1.        
 2.00861533  0.77677235 -1.        
 0.87088134  1.79056385 -1.        
 1.43017401  1.10996261 -1.        
 1.53394123  1.18287217 -1.        
 1.67758285  0.33663455 -1.        
 0.91538282 -0.17286711 -1.        
 0.59687921  1.08318026 -1.        
 0.97602778  0.48869778 -1.        
 1.21361371  0.23488222 -1.        
 1.29584126 -0.37668691 -1.        
 1.05167078  0.15252189 -1.        
 0.63942441  0.69320588 -1.        
 1.9413197   1.61775946 -1.        
 0.84690533  0.1574444  -1.        
 0.46826094  1.01838497 -1.        
 0.74801772  1.18387987 -1.        
 0.8692336   1.11563985 -1.        
 0.00656871  1.83781798 -1.        
 0.46480692 -0.15004812 -1.        
 0.68868542  1.35525343 -1.        
 1.67166277  1.28496233 -1.        
 0.53156739  1.5482441  -1.        
 1.77943805  1.03306586 -1.        
 1.08891729  0.54506112 -1.        
 0.8143583   1.02002192 -1.        
 0.84358908  1.33681938 -1.        
 1.19028959  1.64711952 -1.        
 0.87781184  0.20385226 -1.        
 0.67960506  0.40967916 -1.        
 1.90906144  0.94405575 -1.        
 1.31636022  0.83747306 -1.        
 1.43330378  1.36666631 -1.        
 1.1009689   0.45441089 -1.        
 1.06390839  0.46764422 -1.        
 1.94529901  0.19862999 -1.        
 0.3918069   1.32337307 -1.        
 1.80315317  1.33078828 -1.        
 1.12530178  0.0088628  -1.        
 0.98229112  0.67020599 -1.        
 0.76551321  0.0337747  -1.        
 0.23333975  1.32216481 -1.        
 1.61235886  1.6899211  -1.        
 4.06178447  3.20465793 -1.        
 3.57447644  3.24838373 -1.        
 2.71159872  3.73605788 -1.        
 1.71551498  2.22063297 -1.        
 3.03720224  2.91220846 -1.        
 3.47991251  2.8504158   1.        
 4.04661016  3.21274478  1.        
 2.71400847  2.84161457  1.        
 2.61118946  2.40169372  1.        
 2.29891829  3.15769696  1.        
 3.75769162  2.90714611  1.        
 4.02335855  3.13730882  1.        
 2.17560894  3.19980621  1.        
 3.09170762  2.92847311  1.        
 3.63094312  3.07945996  1.        
 2.96149259  3.38013369  1.        
 2.41158165  2.30333924  1.        
 1.97738279  3.30568296  1.        
 2.83399052  2.42666119  1.        
 3.01179585  3.26062379  1.        
 2.13350349  2.10153223  1.        
 3.52388613  2.90515409  1.        
 2.5677688   3.73045072  1.        
 3.88036124  3.73976623  1.        
 2.47317827  2.58220481  1.        
 3.11057065  3.18878286  1.        
 3.59545529  3.60139407  1.        
 2.61955956  3.27150756  1.        
 2.55060277  3.22217419  1.        
 2.69381697  3.65634064  1.        
 3.45717799  3.37319127  1.        
 3.59367795  3.72717663  1.        
 3.74185531  3.21520263  1.        
 3.68617746  2.99819103  1.        
 2.94592599  2.2989486   1.        
 3.5124163   3.09016265  1.        
 3.32434287  2.49626425  1.        
 2.93988195  2.47346997  1.        
 3.03417317  3.0752019   1.        
 2.5380999   2.99470208  1.        
 2.64073124  3.63011349  1.        
 2.91755868  3.27808231  1.        
 2.7889311  3.5906065  1.       
 3.41730923  2.86043428  1.        
 2.04511359  2.71993566  1.        
 2.31930372  3.26632314  1.        
 3.93503569  3.03740271  1.        
 2.67586519  2.79521234  1.        
 3.37472222  2.34693346  1.        
 2.19381207  3.23011884  1.        
 0.9235604   0.35960702  1.        
 0.86492617  1.21535272  1.        
-0.62655261  1.33198195  1.        
 1.17659819  0.4517761   1.        
 0.75246108  0.16600478  1.        
