 105.4638406   105.96744753   -1.        
 106.56349801  106.1392485    -1.        
 107.08255719  105.10669113   -1.        
 106.37184811  106.1673377    -1.        
 105.92304848  105.29724825   -1.        
 106.7393908   106.80116527   -1.        
 106.16504101  105.89804697   -1.        
 106.05616243  105.69044985   -1.        
 105.56526873  106.34834416   -1.        
 105.35632316  105.8736541    -1.        
 106.05023589  106.26434142   -1.        
 106.96113226  105.2993268    -1.        
 104.92491     106.46884579   -1.        
 106.58022088  106.62203464   -1.        
 105.08509151  106.60434185   -1.        
 106.01511002  105.79101414   -1.        
 106.72757791  106.57124615   -1.        
 105.26075906  105.79729657   -1.        
 106.82131987  107.04725881   -1.        
 106.32869631  105.31455998   -1.        
 106.32232653  105.44463441   -1.        
 106.60998252  106.63320571   -1.        
 106.18902277  107.02503082   -1.        
 105.33928042  105.57407688   -1.        
 105.28474084  105.3660677    -1.        
 106.06759021  106.18166946   -1.        
 105.84301839  105.78688483   -1.        
 105.77581543  105.45109856   -1.        
 106.31530803  105.82718684   -1.        
 106.55678863  105.28316456   -1.        
 105.28209083  105.58529528   -1.        
 105.9436762   105.73568006   -1.        
 105.64072494  106.58506957   -1.        
 105.91228615  105.77765671   -1.        
 105.67323011  105.63601062   -1.        
 106.47738622  106.0194265    -1.        
 105.79360705  105.56910261   -1.        
 105.73701545  106.5915327    -1.        
 106.43620341  105.59327144   -1.        
 106.04012575  105.42577776   -1.        
 106.07679351  106.6546369    -1.        
 106.62535666  106.89824407   -1.        
 105.53072281  105.77929115   -1.        
 106.09247391  105.8615213    -1.        
 106.08270042  106.16256477   -1.        
 107.64440954  108.25156831   -1.        
 108.28463534  108.49978145   -1.        
 108.14910052  109.5746085    -1.        
 108.04096182  107.93234726   -1.        
 108.02938226  107.27782056   -1.        
 108.3713827   107.70951071    1.        
 108.80565604  108.0628427     1.        
 108.3003576   107.59661715    1.        
 108.92747162  107.66482595    1.        
 107.91486321  108.2439838     1.        
 107.68721243  108.01284494    1.        
 108.34130951  108.33478991    1.        
 107.60979675  108.23142818    1.        
 108.76683857  108.43119866    1.        
 107.43641697  108.24546957    1.        
 108.36318838  108.00756787    1.        
 107.92690061  107.46216415    1.        
 107.36089375  108.01604733    1.        
 107.72020175  107.11065147    1.        
 107.95306948  107.94768735    1.        
 107.54285714  107.81747306    1.        
 107.73122169  107.38082973    1.        
 108.45112553  107.47001016    1.        
 107.66707433  107.98534294    1.        
 107.61042119  107.4960882     1.        
 107.28844266  107.90132807    1.        
 108.35507422  108.15345576    1.        
 107.10151869  107.75512316    1.        
 108.08781155  108.02144444    1.        
 107.70195993  108.58079671    1.        
 108.58550863  109.3893753     1.        
 107.94834566  107.58361781    1.        
 108.20769264  107.53733262    1.        
 106.83365875  108.61854315    1.        
 107.52321295  107.60566637    1.        
 107.0952342   108.66018316    1.        
 107.67213821  107.53008101    1.        
 109.14677891  107.75430364    1.        
 107.79917387  107.32969941    1.        
 108.48820134  108.23589923    1.        
 107.30735403  107.61949895    1.        
 107.8465931   107.61893436    1.        
 107.68557782  107.62254638    1.        
 108.2606837   108.34059878    1.        
 108.28659247  107.39197702    1.        
 108.15823496  109.31077451    1.        
 108.68116715  108.01853203    1.        
 107.88156871  107.76906246    1.        
 107.59760044  106.70009649    1.        
 107.83746962  107.2296076     1.        
 105.70969889  105.98271977    1.        
 106.68721537  105.5934318     1.        
 105.3935863  106.4114556    1.       
 105.44085666  105.63652511    1.        
 105.27862996  105.74094086    1.        
