 69.45958338  69.79714842  -1.        
 69.99117335  70.36061046  -1.        
 69.83844317  69.74224422  -1.        
 69.77352677  69.86769922  -1.        
 69.86140654  70.03840054  -1.        
 69.13611376  70.43227238  -1.        
 70.15651141  69.6558391   -1.        
 70.03348159  70.3324787   -1.        
 69.08163403  69.4722693   -1.        
 70.78753253  71.07660556  -1.        
 69.02371902  69.98931727  -1.        
 68.96224179  70.4265706   -1.        
 70.57293297  70.32618358  -1.        
 69.47474544  69.94777971  -1.        
 69.88673453  70.17734733  -1.        
 69.9241383  70.1931761  -1.       
 70.69881118  69.27444131  -1.        
 69.91117448  70.6441341   -1.        
 70.12188612  69.39439909  -1.        
 70.1062385   70.88096318  -1.        
 69.81077068  69.89070694  -1.        
 70.36137928  70.34045962  -1.        
 71.1528709   70.52368326  -1.        
 70.3509632   69.59635726  -1.        
 69.39898023  70.74762616  -1.        
 70.14170505  69.85289172  -1.        
 70.49831813  69.91716008  -1.        
 70.42200276  70.98634694  -1.        
 69.75098048  70.13432969  -1.        
 70.69477158  70.37921025  -1.        
 70.4165327   70.31653963  -1.        
 69.89211468  70.3516839   -1.        
 70.09071393  69.7801028   -1.        
 70.54041018  69.6618337   -1.        
 69.58551865  70.6032493   -1.        
 70.09070412  70.17580462  -1.        
 70.30036101  70.05571048  -1.        
 70.21971355  70.92993432  -1.        
 70.68122886  70.35983502  -1.        
 70.50610486  69.58779381  -1.        
 70.96940324  69.67228479  -1.        
 70.62404798  69.77192161  -1.        
 70.51181349  69.1575854   -1.        
 70.33821805  69.74571817  -1.        
 68.97327958  69.983382    -1.        
 71.91424897  71.69670032  -1.        
 72.91942585  71.3891334   -1.        
 72.1446921   72.52259387  -1.        
 72.27283034  71.10450033  -1.        
 71.69189578  72.07217283  -1.        
 72.36225581  72.38745202   1.        
 72.65672728  72.16232325   1.        
 72.38371505  71.88831476   1.        
 72.20426313  72.33699309   1.        
 71.63528244  72.2138355    1.        
 72.54396761  71.97239258   1.        
 72.18881558  72.12750436   1.        
 72.53271669  71.65059742   1.        
 72.08253519  71.92425909   1.        
 72.43708433  71.39043639   1.        
 72.41024097  72.77641645   1.        
 72.19003373  72.56709019   1.        
 70.84611667  73.11648467   1.        
 72.76949595  71.7214757    1.        
 71.52259164  72.05940369   1.        
 71.97688688  71.89855044   1.        
 71.88286156  71.69084206   1.        
 72.90524071  72.05085915   1.        
 71.13962064  72.04791175   1.        
 72.26436322  71.90607785   1.        
 72.2371342   71.85776767   1.        
 70.20085434  71.84498179   1.        
 71.65281131  71.7096103    1.        
 71.62184901  71.77935688   1.        
 71.41923564  72.0930143    1.        
 72.06202904  71.60550546   1.        
 71.91007537  72.08758246   1.        
 71.58467748  72.02972664   1.        
 71.96119775  71.98203674   1.        
 72.12797456  72.40195444   1.        
 72.19002197  71.2527753    1.        
 71.95603666  70.99230066   1.        
 72.14129793  71.28336996   1.        
 71.32050168  71.38074201   1.        
 71.87789423  72.12931704   1.        
 72.32267935  72.84720133   1.        
 72.4464859   72.08530759   1.        
 72.83881089  71.7305985    1.        
 70.62973481  71.66292972   1.        
 72.9102224   71.67679578   1.        
 72.62218738  70.45187446   1.        
 72.27704334  72.19674012   1.        
 71.66891748  72.40854263   1.        
 72.07373429  72.45187951   1.        
 71.19102641  71.51085999   1.        
 69.5625244   69.10237454   1.        
 69.62764747  70.4710292    1.        
 70.18316579  69.19062018   1.        
 69.8903972   70.12751163   1.        
 70.81819813  70.01141446   1.        
