 5.79390148  5.61160915 -1.        
 5.23365318  5.07426259 -1.        
 6.07085768  5.18665927 -1.        
 4.59615732  5.35844125 -1.        
 6.35687938  5.13573203 -1.        
 6.0553094   5.58058655 -1.        
 5.88945121  5.03647025 -1.        
 6.02095886  4.79187262 -1.        
 5.44023768  5.88442976 -1.        
 5.14091288  5.04499265 -1.        
 4.85899738  4.79483657 -1.        
 5.20112866  5.21285903 -1.        
 5.56014148  5.54868965 -1.        
 6.3998695   5.13169566 -1.        
 4.98154467  5.24161986 -1.        
 5.02215699  6.51443717 -1.        
 5.67463159  4.62752113 -1.        
 5.37774325  5.06196384 -1.        
 5.87485766  5.38939083 -1.        
 5.47864058  5.86874955 -1.        
 5.19798977  4.51342692 -1.        
 5.65204214  5.29559229 -1.        
 4.95685695  7.13424827 -1.        
 5.00850666  6.29342061 -1.        
 5.0337323   5.47038866 -1.        
 5.63152864  5.80899553 -1.        
 5.89141466  5.77996873 -1.        
 5.80844676  5.18471456 -1.        
 5.73606434  5.20678397 -1.        
 5.00860236  5.87331139 -1.        
 5.12486604  5.24265635 -1.        
 5.54262491  6.26232739 -1.        
 5.77507957  5.5212831  -1.        
 5.56691537  6.05748617 -1.        
 5.75446372  6.36673289 -1.        
 5.36610048  4.86235479 -1.        
 5.79088417  5.27444474 -1.        
 5.98520697  6.14239597 -1.        
 5.41724799  5.67381829 -1.        
 5.9479109   5.73070078 -1.        
 5.29044522  5.17598109 -1.        
 5.78680677  5.48468881 -1.        
 5.26260294  6.57693128 -1.        
 5.83443274  5.49983872 -1.        
 4.8417532   5.55062655 -1.        
 6.61275876  7.00466503 -1.        
 7.05706243  7.55879007 -1.        
 7.66560989  7.40262465 -1.        
 7.39711838  7.26464776 -1.        
 8.2937299   7.70553365 -1.        
 6.89755496  8.00746374  1.        
 7.57558796  7.56425648  1.        
 7.42101035  8.42541995  1.        
 7.82019214  7.48808353  1.        
 7.12042921  7.50928377  1.        
 7.3458713   7.01115442  1.        
 7.13575732  6.79191853  1.        
 7.00789367  7.1531288   1.        
 7.41755321  6.94521367  1.        
 7.69268306  7.8487477   1.        
 6.51414319  7.37029363  1.        
 7.65657825  6.75573411  1.        
 6.99903076  7.12120357  1.        
 7.43332944  7.31350419  1.        
 7.51681674  6.62404026  1.        
 7.01536481  7.96106246  1.        
 6.96897237  6.86117118  1.        
 7.52570008  6.86669513  1.        
 6.6362337   6.99945544  1.        
 6.46244356  7.03951734  1.        
 8.1266868  8.3866483  1.       
 7.65003169  6.73809283  1.        
 6.90405238  7.45655821  1.        
 7.26985483  7.97290426  1.        
 7.53772128  7.61789034  1.        
 6.71269531  7.48882492  1.        
 7.78089275  6.5509709   1.        
 7.26609992  8.05713863  1.        
 8.49445136  7.79586814  1.        
 7.67198595  6.07910984  1.        
 7.51425726  7.62959748  1.        
 7.70812736  7.84404825  1.        
 6.96840112  8.40509752  1.        
 8.17669264  7.10729306  1.        
 6.66349349  7.03735452  1.        
 6.25082586  7.83874418  1.        
 7.85968423  8.07233633  1.        
 8.14202307  7.30015772  1.        
 6.86419556  7.78793067  1.        
 8.51544547  7.41877726  1.        
 7.9089673   8.34827424  1.        
 6.81855247  7.69484252  1.        
 7.81615504  7.86464666  1.        
 6.86979362  6.95003991  1.        
 9.27594452  7.70426078  1.        
 5.51460209  5.03504588  1.        
 6.0672809   5.75282231  1.        
 5.69348798  5.71828658  1.        
 5.77515444  6.05148176  1.        
 6.13597963  6.09461371  1.        
