 101.80223277  101.73411911   -1.        
 100.91937803  100.71273883   -1.        
 101.74646106  101.33801797   -1.        
 102.30502634  101.80319296   -1.        
 100.58179125  101.77672776   -1.        
 101.2251433   101.87223437   -1.        
 101.84788929  100.8651405    -1.        
 101.12171138  102.30007072   -1.        
 101.28589449  101.00899928   -1.        
 101.1318424   101.83152001   -1.        
 101.62508329  101.70467036   -1.        
 101.21317846  100.93747088   -1.        
 101.53109787  101.7530094    -1.        
 101.5768523   102.15111186   -1.        
 101.68298677  100.63327571   -1.        
 101.18888384  100.19504248   -1.        
 101.65859866  102.70575099   -1.        
 102.21776103  101.75695805   -1.        
 101.92173334  101.05442421   -1.        
 101.74919076  101.34082219   -1.        
 102.35380447  101.36915699   -1.        
 101.51049743  101.95803092   -1.        
 100.77277782  101.2560009    -1.        
 101.62433563  101.57333983   -1.        
 101.48813334  101.09859568   -1.        
 101.79466798  100.85140618   -1.        
 101.92053889  100.25433026   -1.        
 101.85569109  100.9832094    -1.        
 101.04185491  101.06449893   -1.        
 101.78524749  102.04422352   -1.        
 101.98442249  100.56181351   -1.        
 101.5738318   101.35117841   -1.        
 101.33283091  101.5371124    -1.        
 101.50511378  100.60926942   -1.        
 100.890563    101.41144737   -1.        
 100.94202106  101.37921733   -1.        
 102.00509228  101.77365307   -1.        
 101.25790275  102.05505562   -1.        
 101.38083853  101.39701705   -1.        
 101.65939033  101.06629395   -1.        
 101.59201284  101.50170622   -1.        
 101.44035577  101.89547623   -1.        
 101.59307174  101.14931904   -1.        
 101.24834234  102.13175297   -1.        
 101.97049926  101.5526927    -1.        
 103.57838105  104.12014164   -1.        
 103.65832786  103.76724797   -1.        
 103.69403594  104.29734514   -1.        
 103.66183451  103.70435256   -1.        
 103.23569372  102.35915725   -1.        
 103.42555306  103.05993033    1.        
 103.40765737  104.01031577    1.        
 102.47769865  103.29804741    1.        
 103.32985394  103.92729182    1.        
 103.61953129  103.27408131    1.        
 103.91760745  102.89570184    1.        
 102.71335218  103.21542405    1.        
 103.39999081  104.107065      1.        
 103.28479004  103.97577277    1.        
 103.17912476  103.02348       1.        
 104.41625152  103.4804947     1.        
 104.03412703  103.1848539     1.        
 103.49378876  103.65827033    1.        
 103.05649416  103.09029932    1.        
 102.97620715  104.12892371    1.        
 103.6988517   103.29796334    1.        
 103.41836812  103.42928783    1.        
 103.63520446  104.28612981    1.        
 103.27479236  104.27166776    1.        
 102.90041538  103.91286071    1.        
 103.28056933  104.15095464    1.        
 103.15760723  104.14179031    1.        
 104.06134327  103.69359231    1.        
 103.19486881  104.3981948     1.        
 103.50393173  103.78939014    1.        
 102.3302549   103.61072946    1.        
 103.03185755  103.91907802    1.        
 102.60521341  104.08734778    1.        
 103.86593902  103.15060988    1.        
 103.20769078  103.1637097     1.        
 104.24037513  103.41977068    1.        
 103.98024072  103.78224862    1.        
 102.96797376  104.18697568    1.        
 103.27839206  103.035852      1.        
 104.07605505  103.36484575    1.        
 103.00988604  103.47842274    1.        
 104.00640972  104.5013418     1.        
 104.08345784  102.92859892    1.        
 104.45663036  103.61059119    1.        
 103.91772901  104.2093363     1.        
 103.77756208  103.89149809    1.        
 104.09089327  103.28612058    1.        
 103.45902814  104.26587788    1.        
 102.83090981  103.40683189    1.        
 103.36785913  103.02554166    1.        
 102.35623217  100.65776441    1.        
 101.49926568  101.0546815     1.        
 102.50235308  101.78113479    1.        
 101.62322992  101.45515969    1.        
 101.37358359  102.58105487    1.        
