 117.88924856  117.46574504   -1.        
 118.6064694  117.2570963   -1.       
 116.94564535  118.53622208   -1.        
 118.22855623  118.46679869   -1.        
 118.0385888   117.48267128   -1.        
 117.71484745  117.86751199   -1.        
 118.59691399  118.37697957   -1.        
 119.36037925  117.57745607   -1.        
 117.94141131  117.40683532   -1.        
 118.58825244  118.28495707   -1.        
 117.7022572   118.37701984   -1.        
 117.97546736  117.93957333   -1.        
 117.86035192  116.69213229   -1.        
 118.27922239  118.77260214   -1.        
 118.3706008   117.94601496   -1.        
 116.71300953  117.14247419   -1.        
 117.67839969  118.62364575   -1.        
 117.78882251  118.63832315   -1.        
 116.98174749  118.31983332   -1.        
 118.08341631  117.67301273   -1.        
 116.85987407  117.7721332    -1.        
 117.7208846   117.54068506   -1.        
 118.6557896   118.17964289   -1.        
 118.03708146  117.00041809   -1.        
 117.84116377  117.08127927   -1.        
 118.22088247  117.79169502   -1.        
 117.24255919  117.22944188   -1.        
 116.89254051  119.04890594   -1.        
 118.32068462  118.71400356   -1.        
 118.28367404  117.47940719   -1.        
 118.4194151   118.13172003   -1.        
 118.57251558  117.73931648   -1.        
 118.09215709  118.15193562   -1.        
 117.35117369  118.1009631    -1.        
 118.54898444  117.42989216   -1.        
 117.95407667  117.67507099   -1.        
 118.06508313  117.97384096   -1.        
 118.2408415   118.40859187   -1.        
 118.38428556  118.49062698   -1.        
 117.4703826   118.14809373   -1.        
 118.05588465  118.10023566   -1.        
 117.05619138  118.00392744   -1.        
 118.52130342  118.50371546   -1.        
 118.00307873  117.90241731   -1.        
 118.09981309  118.1326055    -1.        
 119.02403199  120.5294728    -1.        
 119.77822722  120.06329493   -1.        
 119.85434037  120.54718281   -1.        
 120.34525091  120.42296027   -1.        
 120.48771079  119.63858941   -1.        
 119.15041304  119.87162494    1.        
 120.68032852  120.43914187    1.        
 120.36674264  120.54116957    1.        
 120.81566178  119.35482041    1.        
 119.9438457   120.56246791    1.        
 119.69835215  119.13399409    1.        
 120.27127925  119.78214436    1.        
 120.28397018  119.16862528    1.        
 119.91687917  120.97337638    1.        
 119.3763147   120.53363223    1.        
 120.46197614  119.94994079    1.        
 120.03840667  120.18953293    1.        
 119.67540262  119.34728777    1.        
 121.16433824  119.64333983    1.        
 120.57264914  119.71555669    1.        
 120.47096874  120.70886993    1.        
 120.32951227  120.39960884    1.        
 120.2275611   120.31320032    1.        
 120.2102381   120.43953894    1.        
 120.71860047  119.99779111    1.        
 120.51624321  120.16854135    1.        
 120.36218675  119.98939401    1.        
 119.73028292  120.27834722    1.        
 119.92854237  119.85445224    1.        
 120.25216714  119.7217895     1.        
 118.75643606  120.88265585    1.        
 120.89661568  120.10062715    1.        
 120.34608521  120.22636109    1.        
 120.14806221  119.37019316    1.        
 119.39552134  119.7419653     1.        
 120.15864852  121.03975996    1.        
 120.2355186   119.98059799    1.        
 119.92808893  119.48421665    1.        
 120.28402572  119.47041124    1.        
 119.98469738  119.59666224    1.        
 119.49363212  119.66499886    1.        
 120.57151661  120.23934771    1.        
 119.4386128   119.96123379    1.        
 119.10529527  120.13722484    1.        
 119.54361088  120.33357335    1.        
 120.38656256  120.39691497    1.        
 119.72286494  120.30832735    1.        
 119.6373998   120.11293571    1.        
 119.5302577   119.77437704    1.        
 120.06803809  120.15951282    1.        
 117.50607667  118.53635758    1.        
 118.51662738  118.23046445    1.        
 118.44997318  118.51412618    1.        
 117.67794683  117.35121373    1.        
 118.02616893  117.29293708    1.        
