 21.15917214  20.70599239  -1.        
 20.77717241  20.68276141  -1.        
 20.76799675  20.8832249   -1.        
 21.37145338  20.59541769  -1.        
 20.99985209  21.12152227  -1.        
 20.43756932  20.46303503  -1.        
 21.76593595  20.95455262  -1.        
 20.8363456   20.14647494  -1.        
 20.90816044  21.26023392  -1.        
 20.08293856  20.92788392  -1.        
 19.63921538  20.26620106  -1.        
 19.50662353  20.99726127  -1.        
 20.40999093  20.28587548  -1.        
 20.45111037  20.36844492  -1.        
 20.87429961  19.9658449   -1.        
 20.34905239  20.2155228   -1.        
 20.42786303  21.52459828  -1.        
 21.56199781  19.71398255  -1.        
 19.92484498  20.67669473  -1.        
 20.8389117   20.14213166  -1.        
 20.47973867  20.77653004  -1.        
 20.5579893   19.93139951  -1.        
 19.82917799  20.27190564  -1.        
 21.21916425  20.3484729   -1.        
 19.76407914  20.47687228  -1.        
 20.36110281  19.86833678  -1.        
 20.69258459  20.74899698  -1.        
 20.95038533  20.12944555  -1.        
 21.77471922  20.20860876  -1.        
 20.57331742  20.79794106  -1.        
 19.75265981  19.58139277  -1.        
 20.63923054  21.40087327  -1.        
 20.62743602  19.66742259  -1.        
 20.43644423  20.51286365  -1.        
 20.14183201  21.20510439  -1.        
 20.41673907  20.17940039  -1.        
 20.42274815  19.54881293  -1.        
 20.76270525  20.17556295  -1.        
 19.93489005  20.85903816  -1.        
 19.92780478  20.70129303  -1.        
 19.87133303  20.33349614  -1.        
 20.91603153  19.95373388  -1.        
 20.71394615  20.8424205   -1.        
 20.25302692  20.55225637  -1.        
 20.60795636  21.10062254  -1.        
 21.96215502  22.55369608  -1.        
 21.6450993   21.85480492  -1.        
 23.02776956  22.56337041  -1.        
 22.42441742  21.9922578   -1.        
 22.08734195  22.33937453  -1.        
 22.34404179  21.83747586   1.        
 21.49376445  22.27106103   1.        
 22.3104739   23.19331041   1.        
 21.80537342  23.3963651    1.        
 22.61935214  22.3431602    1.        
 22.61820427  22.63960555   1.        
 22.02441319  23.42806807   1.        
 22.11495405  21.93138401   1.        
 21.96121023  22.10067511   1.        
 21.91124369  22.44389371   1.        
 22.61084843  23.2891878    1.        
 22.96740855  22.69142191   1.        
 22.09008842  22.53879023   1.        
 23.85801694  22.9647814    1.        
 21.69882644  22.24618567   1.        
 22.20001451  20.41623534   1.        
 22.39629957  22.90847155   1.        
 22.47112153  22.23774504   1.        
 22.1825465   23.12168383   1.        
 21.66691279  22.70253993   1.        
 22.05684158  23.12371259   1.        
 23.0169473   22.17511855   1.        
 22.41945931  22.55208953   1.        
 22.50706469  21.88824414   1.        
 23.59145701  21.29014009   1.        
 21.76171382  21.6686854    1.        
 22.40802996  22.83069552   1.        
 22.01797222  22.23611217   1.        
 22.60948857  22.9806567    1.        
 23.29214518  22.78397208   1.        
 22.93191235  22.81836      1.        
 23.30654381  22.89732433   1.        
 22.85368224  22.13157806   1.        
 22.62194364  22.33868816   1.        
 22.40998748  21.30109529   1.        
 22.03413987  23.03248301   1.        
 22.61613109  22.36358001   1.        
 23.31748426  22.41835093   1.        
 22.77260099  22.72985634   1.        
 22.45606967  21.84824367   1.        
 23.21694486  22.29743947   1.        
 22.04256513  22.73108896   1.        
 22.5152377   22.87822697   1.        
 22.98158499  22.06410359   1.        
 22.89774128  22.79674749   1.        
 20.4384322   19.68622247   1.        
 20.92605597  21.04449318   1.        
 20.18199502  19.53651004   1.        
 20.91918647  20.78263576   1.        
 20.58145741  20.49118618   1.        
