 93.37745611  93.93430927  -1.        
 94.15091041  94.26063308  -1.        
 94.84892357  94.55762278  -1.        
 94.57173673  94.50801283  -1.        
 94.41512877  94.47553942  -1.        
 93.72645941  94.11256823  -1.        
 93.62884811  93.72232135  -1.        
 93.11414597  94.10826546  -1.        
 94.06429681  93.36583591  -1.        
 94.36529582  94.03519021  -1.        
 94.05661118  93.37702168  -1.        
 93.7901163   94.03678567  -1.        
 94.13272231  92.85248788  -1.        
 94.66617424  93.00154776  -1.        
 94.25910006  94.00350122  -1.        
 93.94316179  94.41556884  -1.        
 94.13596907  94.13130169  -1.        
 94.09616054  93.06571038  -1.        
 93.64054758  93.92846672  -1.        
 93.50922886  93.83595392  -1.        
 93.89828453  93.72138171  -1.        
 94.41111171  93.77368554  -1.        
 94.66717664  93.75530693  -1.        
 93.86666766  93.86805602  -1.        
 93.69855726  94.69014163  -1.        
 94.02533922  94.35291346  -1.        
 94.04480714  93.4016043   -1.        
 93.53217347  93.29670102  -1.        
 93.97417292  93.42516653  -1.        
 93.73681084  93.75037825  -1.        
 94.53594265  94.19165973  -1.        
 94.40822322  94.34992198  -1.        
 93.09132542  94.33036605  -1.        
 94.44566734  94.86433776  -1.        
 94.3081324   93.99622384  -1.        
 93.87761835  93.78849097  -1.        
 93.61660911  92.49726715  -1.        
 94.73003019  94.11698075  -1.        
 93.78012532  94.09720987  -1.        
 93.15615992  93.81782832  -1.        
 94.28315764  93.78533462  -1.        
 92.79003235  93.87806213  -1.        
 92.91817208  93.69020334  -1.        
 94.20577565  94.32955034  -1.        
 93.77032211  94.46450059  -1.        
 95.41976406  96.01784319  -1.        
 95.96405637  96.10213811  -1.        
 95.59665074  95.25219946  -1.        
 96.57272454  96.47492711  -1.        
 95.37688647  95.67920278  -1.        
 95.97496828  95.81339466   1.        
 95.98105759  96.02791194   1.        
 96.26014264  96.07543614   1.        
 96.52652045  95.57086625   1.        
 96.22815309  96.15064795   1.        
 96.35687011  95.85307507   1.        
 95.40108758  95.37287744   1.        
 96.08788233  95.84108962   1.        
 96.04176203  95.75126031   1.        
 95.66971562  96.05332266   1.        
 95.27969223  96.40538746   1.        
 96.32309466  96.22868022   1.        
 96.15089873  95.51165318   1.        
 95.73579638  95.7722174    1.        
 96.23766825  95.57443438   1.        
 95.82422285  95.65503536   1.        
 95.31388194  95.22594781   1.        
 95.22308865  96.14005996   1.        
 96.13069332  95.92684228   1.        
 95.51774748  96.17626652   1.        
 96.45010042  95.86863955   1.        
 96.43144435  95.73214239   1.        
 95.63632369  95.5621687    1.        
 95.89197199  96.49986564   1.        
 95.99948561  97.26421906   1.        
 96.39187894  95.04401674   1.        
 95.78868012  95.88094173   1.        
 95.75686169  96.37420042   1.        
 95.95206825  96.15837648   1.        
 96.07872686  95.93055167   1.        
 96.57903951  95.3834469    1.        
 96.33792763  95.84851947   1.        
 96.691231    95.55088205   1.        
 95.89313161  96.42303392   1.        
 96.34014236  94.86290891   1.        
 96.05487676  95.50501346   1.        
 96.52056983  96.37365475   1.        
 95.52198813  96.33404336   1.        
 95.86481192  96.54172228   1.        
 95.56136208  95.03824885   1.        
 96.83831776  96.15750204   1.        
 97.45903765  96.08694237   1.        
 94.93628022  97.28042203   1.        
 95.69214776  97.16069314   1.        
 95.5711049   96.04022665   1.        
 93.68688804  93.57114489   1.        
 94.20653465  93.84840896   1.        
 94.42143448  92.67962536   1.        
 94.32458588  93.91633393   1.        
 94.06554074  94.03230174   1.        
