 74.08538604  74.54970075  -1.        
 75.4097723   74.69671855  -1.        
 74.31054754  75.19109812  -1.        
 75.72972942  74.60395354  -1.        
 74.34860585  74.30999624  -1.        
 75.01674251  74.34081403  -1.        
 74.52950788  75.05991217  -1.        
 74.88509673  73.97829948  -1.        
 74.77093519  74.19108144  -1.        
 74.86053621  74.44334743  -1.        
 74.72027938  74.58125611  -1.        
 74.43238838  74.62473815  -1.        
 75.60326484  73.86851662  -1.        
 74.50900211  74.97731082  -1.        
 74.35377895  74.80475038  -1.        
 74.35383598  75.1129973   -1.        
 74.67969398  73.94769332  -1.        
 75.76690325  74.22330497  -1.        
 74.90003639  75.10438788  -1.        
 74.49954599  73.57642422  -1.        
 74.25625637  75.06915576  -1.        
 74.87848492  73.86790226  -1.        
 74.93433049  73.88759831  -1.        
 74.04012013  74.03573973  -1.        
 74.46572877  73.95863034  -1.        
 75.01728814  74.94590933  -1.        
 73.82660182  73.36884678  -1.        
 75.02038472  75.79175462  -1.        
 73.42058422  75.44388036  -1.        
 74.36990784  74.72151969  -1.        
 74.12475035  75.23543978  -1.        
 75.52481174  74.23049578  -1.        
 74.98869192  73.8313705   -1.        
 74.42772981  74.63406599  -1.        
 74.87728286  74.2588221   -1.        
 74.71069421  73.86920997  -1.        
 73.93824727  75.13034963  -1.        
 73.78584333  73.85985237  -1.        
 75.02089091  74.37017531  -1.        
 75.29724507  74.09407167  -1.        
 75.29363077  75.03834893  -1.        
 74.68515149  75.01606399  -1.        
 73.76758472  74.92783099  -1.        
 74.7249751   74.80550433  -1.        
 73.66542085  75.21985234  -1.        
 77.31797443  76.49885483  -1.        
 77.09136862  76.97211672  -1.        
 77.13417623  76.08066853  -1.        
 76.44745444  76.30232814  -1.        
 75.95576631  77.00079516  -1.        
 76.63783867  76.59341969   1.        
 75.98806184  75.40985909   1.        
 76.41924186  76.25125116   1.        
 77.04193331  76.09855423   1.        
 76.52882957  76.88653042   1.        
 76.78437278  77.54552546   1.        
 77.52889373  77.48677383   1.        
 76.9175085   76.61188573   1.        
 76.32498537  76.83918317   1.        
 76.47626551  76.61921814   1.        
 76.61000235  76.07861252   1.        
 76.13697026  75.80384352   1.        
 76.23301105  76.4319758    1.        
 75.79159943  76.79318945   1.        
 75.45512408  76.21864496   1.        
 76.70630759  75.66531914   1.        
 76.46518644  76.22842158   1.        
 76.67851035  76.62270158   1.        
 76.40462928  77.18015583   1.        
 76.52092983  75.76219824   1.        
 76.91256169  76.97343624   1.        
 76.17421538  77.35441151   1.        
 77.09592983  76.42680794   1.        
 76.27640202  76.20069166   1.        
 76.58409011  77.15275171   1.        
 77.31667451  75.91557268   1.        
 75.87458519  77.11799623   1.        
 76.51950148  77.2271732    1.        
 76.67312146  76.40812513   1.        
 76.48086779  76.5803368    1.        
 76.3588084   76.73229102   1.        
 77.0893207   76.67834936   1.        
 76.53217784  75.88566408   1.        
 76.34130015  76.52829512   1.        
 76.09276978  76.62584795   1.        
 77.40619909  75.98622883   1.        
 76.14546204  76.17887086   1.        
 77.20798073  76.66858743   1.        
 75.87722533  77.04431273   1.        
 76.08210076  76.87586392   1.        
 76.78900083  77.60588395   1.        
 75.71019626  76.54082347   1.        
 76.35490473  76.54618616   1.        
 76.76496283  77.45864985   1.        
 77.68429925  76.12543077   1.        
 74.96564374  75.16169068   1.        
 74.42541548  74.09085929   1.        
 74.11823186  74.20400975   1.        
 74.27074459  74.56848339   1.        
 73.59861123  74.62247033   1.        
