 70.35021061  72.11138493  -1.        
 71.46602614  71.7117264   -1.        
 71.73071086  72.85708196  -1.        
 71.26688663  70.80591939  -1.        
 71.06853774  71.76934404  -1.        
 72.68584909  71.88656429  -1.        
 71.97287933  71.7377706   -1.        
 71.19850686  71.33261697  -1.        
 71.60446172  71.5317441   -1.        
 71.81607923  71.23713368  -1.        
 71.53937236  72.37927762  -1.        
 71.00212899  72.15324482  -1.        
 71.76911671  72.21864425  -1.        
 72.19278815  71.00748877  -1.        
 71.84770925  71.7385856   -1.        
 70.59297176  71.76643948  -1.        
 71.1448903   71.37566641  -1.        
 70.53899956  71.71590542  -1.        
 72.82146395  70.63137509  -1.        
 71.09267094  70.38238071  -1.        
 71.87329443  71.28184336  -1.        
 71.86939436  70.93913328  -1.        
 71.09721196  71.65884793  -1.        
 72.37617629  71.27481962  -1.        
 71.14193303  71.45299243  -1.        
 72.08944776  71.16387973  -1.        
 71.78102572  71.69704002  -1.        
 71.74296903  72.16236035  -1.        
 71.26776881  70.58860868  -1.        
 71.53133391  71.73809751  -1.        
 72.17942477  71.44176651  -1.        
 71.53885055  71.25849334  -1.        
 71.6882052   71.74853809  -1.        
 71.28812036  72.05641154  -1.        
 71.26594158  71.45111412  -1.        
 71.27330662  71.04654817  -1.        
 70.86422059  71.93982206  -1.        
 71.61908869  71.76167347  -1.        
 71.5646105   72.11451018  -1.        
 70.3999286   73.12560086  -1.        
 71.23086798  71.54481425  -1.        
 72.08824006  71.50078908  -1.        
 71.2311086   70.59949228  -1.        
 70.71597463  71.48352556  -1.        
 71.03616589  72.24358939  -1.        
 73.52770033  73.06439425  -1.        
 73.70773741  73.82982259  -1.        
 73.70049528  73.46646247  -1.        
 74.07212546  73.9526444   -1.        
 72.73257994  74.64637001  -1.        
 73.90692083  72.647248     1.        
 73.2231381  72.9210721   1.       
 72.96179717  73.65602461   1.        
 74.32503207  73.76928815   1.        
 73.62441389  72.77399974   1.        
 73.46045798  73.82713217   1.        
 74.03709247  73.96671395   1.        
 73.57005353  73.14751536   1.        
 73.56125926  73.33092948   1.        
 73.65046465  73.6265682    1.        
 72.88923651  73.7020072    1.        
 73.29090292  74.46722009   1.        
 73.95135193  72.61566574   1.        
 72.72303966  73.0891691    1.        
 74.74535081  73.70437487   1.        
 72.99008083  72.85466236   1.        
 74.39376722  73.70093893   1.        
 72.78234116  74.02495218   1.        
 73.5199314   73.75080053   1.        
 74.03649692  73.45724883   1.        
 74.08490642  73.24432003   1.        
 73.80365004  73.48500799   1.        
 73.18647946  74.18185495   1.        
 73.38157556  73.5451619    1.        
 73.55395895  72.47990168   1.        
 73.42343456  74.20412469   1.        
 73.55278638  73.37156292   1.        
 73.05675683  73.23942639   1.        
 73.55169157  73.12881116   1.        
 73.1011301   73.62857445   1.        
 73.29656368  74.10253609   1.        
 73.52338007  73.85041686   1.        
 73.25989823  73.13530496   1.        
 73.28739629  73.63906027   1.        
 73.50681602  73.35478765   1.        
 72.84283561  73.5610826    1.        
 73.18851844  73.761083     1.        
 73.91013231  73.43652937   1.        
 73.55578717  73.64684995   1.        
 73.35135756  73.6951956    1.        
 73.75010317  74.86750879   1.        
 73.73382136  73.46723787   1.        
 73.45947415  74.04194792   1.        
 74.08555156  73.76889408   1.        
 73.67346195  74.51889545   1.        
 70.98022509  72.18418653   1.        
 72.4248645  71.9270684   1.       
 71.41260537  71.1621636    1.        
 71.05779489  70.91444213   1.        
 71.50953182  71.54286319   1.        
