 54.77079511  54.81524838  -1.        
 55.06908515  55.07976189  -1.        
 54.89901399  54.94680474  -1.        
 54.74166581  54.71134194  -1.        
 55.57336884  54.87121491  -1.        
 54.82381068  55.65609618  -1.        
 54.65160904  54.54624923  -1.        
 55.13696287  55.74301263  -1.        
 55.40554565  54.70103844  -1.        
 54.61881377  54.63231919  -1.        
 55.42208104  54.23808345  -1.        
 55.02187662  54.12300257  -1.        
 54.28668984  55.45657175  -1.        
 55.06086973  54.64593612  -1.        
 55.73717882  55.60169738  -1.        
 55.29523682  55.54219319  -1.        
 54.18803981  55.22717349  -1.        
 55.18386354  55.35023178  -1.        
 55.3089099   54.78283863  -1.        
 54.83533948  55.61385955  -1.        
 55.408425    53.72493548  -1.        
 54.44961859  54.50192573  -1.        
 54.77477807  55.29644872  -1.        
 55.88432871  54.72616076  -1.        
 54.36814921  54.45102651  -1.        
 54.90455436  55.66947115  -1.        
 55.27135345  54.61398241  -1.        
 55.22169173  55.6217906   -1.        
 55.21790909  54.90654339  -1.        
 54.87612089  53.71324036  -1.        
 55.23328652  54.48592037  -1.        
 54.91593895  55.69024178  -1.        
 55.10525935  55.44043989  -1.        
 54.17594516  55.0358034   -1.        
 55.41196828  55.00313922  -1.        
 54.33590736  55.89350585  -1.        
 55.53884174  54.9312386   -1.        
 55.10604256  55.37898136  -1.        
 54.40219802  56.05816721  -1.        
 54.76316765  54.94336829  -1.        
 54.37555072  55.5929163   -1.        
 54.92547591  55.45528736  -1.        
 54.4057861   54.49029334  -1.        
 54.1249763   55.77669139  -1.        
 54.72294504  53.99550378  -1.        
 56.59647947  57.41106978  -1.        
 57.49766427  57.53790003  -1.        
 56.70039885  56.86316556  -1.        
 57.38587511  57.3145216   -1.        
 57.06327651  56.16388382  -1.        
 56.58492192  57.20536917   1.        
 56.68070402  57.21753875   1.        
 57.07548905  56.94446155   1.        
 57.21347761  56.63953119   1.        
 57.39751589  57.26315024   1.        
 56.32197896  56.7264844    1.        
 56.18216565  56.98273157   1.        
 57.06342568  56.65275659   1.        
 56.92843982  57.02233508   1.        
 57.34519504  57.14793616   1.        
 56.7344023   56.74605787   1.        
 56.36555113  57.2422328    1.        
 56.63103071  57.79614311   1.        
 56.68787322  56.64188622   1.        
 57.29502799  57.00400067   1.        
 57.08173341  57.85047292   1.        
 56.58020157  57.08175833   1.        
 55.91160052  57.95105156   1.        
 57.06073733  57.55401234   1.        
 57.94700841  57.25070334   1.        
 56.03807825  56.44313159   1.        
 56.64270181  56.9376313    1.        
 56.07617153  56.63093542   1.        
 56.57106394  56.55490832   1.        
 57.0775085   56.70537299   1.        
 57.13774615  57.80186893   1.        
 56.99229609  56.26202847   1.        
 56.2842019   56.64446184   1.        
 57.64953882  57.15846216   1.        
 57.69252135  57.34118783   1.        
 56.64174353  57.05435775   1.        
 56.87952425  57.33283337   1.        
 57.73727941  56.44473829   1.        
 56.62499963  56.75549871   1.        
 56.83157331  57.31832831   1.        
 56.89122015  56.99144821   1.        
 57.11320455  56.70951753   1.        
 56.85263922  56.64564393   1.        
 56.87342128  57.17131999   1.        
 57.40611135  57.37361191   1.        
 57.57280411  56.47864448   1.        
 57.01474948  56.8739229    1.        
 56.92484671  56.47031933   1.        
 56.18668017  56.00484469   1.        
 57.02671335  57.45997351   1.        
 55.02156401  54.67726733   1.        
 54.93582194  55.22489713   1.        
 55.53046206  55.06102932   1.        
 54.7505875   54.42430006   1.        
 54.82174265  55.43223451   1.        
