 88.38159955  88.05665549  -1.        
 88.31047748  88.52515064  -1.        
 87.27512201  88.09173393  -1.        
 88.06196858  88.50889668  -1.        
 87.61279904  88.25436738  -1.        
 87.48518127  87.87959702  -1.        
 88.68023205  88.56745552  -1.        
 88.58845811  88.07791905  -1.        
 88.6625148   86.89199494  -1.        
 88.75489526  89.14038281  -1.        
 88.13694067  89.3852344   -1.        
 87.4827915   87.08469534  -1.        
 87.7234882  87.7596121  -1.       
 87.85307212  87.78432128  -1.        
 88.29364486  88.1960331   -1.        
 88.95186017  87.48849789  -1.        
 88.30010241  88.29338533  -1.        
 87.53798985  86.7638424   -1.        
 87.97869419  88.92258211  -1.        
 87.78320069  87.33505713  -1.        
 88.85394027  88.24123836  -1.        
 87.88576929  88.35479101  -1.        
 88.95161464  87.98845972  -1.        
 88.19117351  88.16903361  -1.        
 87.94785866  87.97783808  -1.        
 87.7787596   87.81026192  -1.        
 88.89075852  88.52360082  -1.        
 88.49347526  87.68540934  -1.        
 88.30619697  87.93931077  -1.        
 87.39848038  88.06171746  -1.        
 88.5008088   88.06495769  -1.        
 87.75237928  87.21778398  -1.        
 87.78223156  87.59384412  -1.        
 87.40226501  87.67025806  -1.        
 87.87270375  87.92445797  -1.        
 87.82716859  88.74062742  -1.        
 88.32097221  87.99155962  -1.        
 88.18366385  88.90408054  -1.        
 88.32759555  87.81635328  -1.        
 87.22647462  87.89719984  -1.        
 87.75998141  87.7520156   -1.        
 88.60393494  88.33291473  -1.        
 87.44731142  87.45346497  -1.        
 86.62197175  88.91389452  -1.        
 87.63175326  87.95035035  -1.        
 89.78953884  89.90469468  -1.        
 90.6595815   89.89944613  -1.        
 90.1526179   90.15359252  -1.        
 90.00816809  89.96666149  -1.        
 90.10659373  89.79235782  -1.        
 90.39545701  89.52158627   1.        
 89.20989979  90.51385392   1.        
 90.29004144  89.58744216   1.        
 89.33864901  89.90266281   1.        
 89.83197861  88.89674102   1.        
 90.50202549  90.1538019    1.        
 90.31854359  88.80391164   1.        
 90.76284885  89.72852735   1.        
 90.14975556  90.29077623   1.        
 89.96496892  90.12116718   1.        
 89.32812005  89.33057957   1.        
 89.8603842   89.90888365   1.        
 89.40612213  90.61605744   1.        
 90.24583705  88.48800131   1.        
 89.89374459  89.71383242   1.        
 91.19612317  89.59142286   1.        
 90.15328131  90.05297643   1.        
 89.89877492  90.53464402   1.        
 89.8851129   91.32202171   1.        
 91.17213305  89.42458524   1.        
 90.04489342  90.08378042   1.        
 89.74327027  89.62096553   1.        
 89.86294248  90.36779718   1.        
 89.93743869  89.2648225    1.        
 90.62696582  89.82968159   1.        
 90.23529188  90.20085474   1.        
 89.46588164  88.89622537   1.        
 90.88907764  89.96712914   1.        
 89.81015135  88.43958184   1.        
 89.36712852  90.30764899   1.        
 90.50877858  90.11302162   1.        
 90.63493927  90.07020754   1.        
 90.15055419  90.18519078   1.        
 90.53498497  90.10398114   1.        
 89.81816354  90.12963159   1.        
 90.80518353  89.76044052   1.        
 90.68800528  89.88623545   1.        
 89.54573481  90.07406444   1.        
 90.33281749  90.75030098   1.        
 90.12932666  90.73306865   1.        
 90.16871543  89.31375677   1.        
 89.12345978  90.48729408   1.        
 89.36452389  89.47343987   1.        
 90.2385951   89.51001635   1.        
 89.66093042  90.40799856   1.        
 89.36258309  87.83976036   1.        
 87.84453873  87.38652199   1.        
 88.40854148  88.4202614    1.        
 87.6914583   88.27158967   1.        
 87.62562056  88.32549387   1.        
