 28.27133042  27.74566445  -1.        
 28.19057218  27.40751731  -1.        
 27.44993288  27.70921131  -1.        
 26.98989473  28.69413845  -1.        
 28.8634631   27.67411182  -1.        
 28.03736135  27.84159644  -1.        
 28.28170847  27.65757624  -1.        
 27.3664969   28.00661769  -1.        
 27.78070693  26.71853924  -1.        
 27.39772107  28.29067407  -1.        
 28.25525949  28.15806507  -1.        
 27.76902134  28.1728376   -1.        
 27.08758358  28.43111311  -1.        
 27.74705285  27.91182175  -1.        
 28.03383149  28.21910231  -1.        
 28.9396138   27.64842326  -1.        
 28.23037968  27.03777868  -1.        
 27.34834418  27.16713189  -1.        
 27.7342428   28.39675156  -1.        
 27.72441511  28.05256056  -1.        
 27.91697499  28.34801871  -1.        
 27.83089519  28.51479483  -1.        
 27.74382577  29.0201424   -1.        
 27.67677752  28.28963645  -1.        
 28.03285843  27.08645493  -1.        
 27.62157993  27.5725617   -1.        
 27.85005324  27.38755     -1.        
 28.56630176  28.36747296  -1.        
 28.13204384  27.69421278  -1.        
 28.2908335   27.52604532  -1.        
 27.34085815  28.37487551  -1.        
 27.88380244  27.31232331  -1.        
 28.07251985  27.2206848   -1.        
 27.91557559  27.37207275  -1.        
 27.99613022  27.26216919  -1.        
 27.6093118   27.55118652  -1.        
 27.82312563  27.87810329  -1.        
 28.87931892  28.13050486  -1.        
 28.57596333  27.13889229  -1.        
 28.10929741  28.55646227  -1.        
 26.59889507  27.76034688  -1.        
 27.72393153  27.75771443  -1.        
 28.32947546  27.81716717  -1.        
 28.79363234  27.37521874  -1.        
 28.52178049  28.70399369  -1.        
 29.71512321  30.38232369  -1.        
 29.9132684   29.82278538  -1.        
 29.9442812   30.13963458  -1.        
 29.13316022  30.23416363  -1.        
 30.40772101  30.18621899  -1.        
 30.4560216   30.31072701   1.        
 30.13377949  28.77527528   1.        
 29.54747016  29.52002948   1.        
 30.13730335  30.77624215   1.        
 29.65163233  29.99077158   1.        
 28.62834051  30.95160087   1.        
 29.90909806  29.31890034   1.        
 29.7930496   30.22555109   1.        
 29.53379217  29.78494379   1.        
 30.23805612  29.74847869   1.        
 29.65444402  30.06068441   1.        
 30.16576251  30.09768842   1.        
 30.830927    29.88836922   1.        
 30.05783258  30.5583206    1.        
 30.69010636  30.00715717   1.        
 30.56239504  29.24328886   1.        
 30.50710881  29.99814944   1.        
 29.15347899  29.63391357   1.        
 29.95630247  30.48649786   1.        
 31.07517549  29.73627402   1.        
 29.65556497  30.62260223   1.        
 30.66170742  29.78675581   1.        
 29.21774499  30.29404145   1.        
 30.24441621  30.70308451   1.        
 30.07263412  30.32986747   1.        
 30.10727767  30.56714807   1.        
 29.8071485   29.52845261   1.        
 30.04493235  30.05586967   1.        
 30.37470151  29.61919328   1.        
 29.91890582  30.535907     1.        
 30.79212723  29.92985518   1.        
 29.47800372  29.29062172   1.        
 30.49473358  29.85804134   1.        
 30.51976011  29.61593982   1.        
 30.65632406  30.04640882   1.        
 30.44305957  30.01112188   1.        
 30.27463796  30.08746803   1.        
 29.80964669  30.33120291   1.        
 29.99099435  30.5278838    1.        
 30.42902048  30.5103519    1.        
 29.62628635  29.83981606   1.        
 29.86348498  29.8563596    1.        
 29.90107082  30.65263027   1.        
 30.01178124  30.23198206   1.        
 29.75369234  28.5971637    1.        
 28.44162368  28.03305654   1.        
 27.66418639  27.92434453   1.        
 28.685363    27.35921623   1.        
 27.98540982  27.91520349   1.        
 27.39608103  27.79268954   1.        
