 52.03228232  51.47457391  -1.        
 51.74373343  53.12092389  -1.        
 53.08118955  52.00907782  -1.        
 51.57364796  52.13920777  -1.        
 52.1780375   52.44354283  -1.        
 52.72895783  51.48814773  -1.        
 51.88242602  52.20341656  -1.        
 51.80052766  52.58485854  -1.        
 52.13975971  52.07021565  -1.        
 52.43517501  51.82741026  -1.        
 52.3092916   52.81615903  -1.        
 51.97573454  52.34453321  -1.        
 52.75259907  52.44029349  -1.        
 52.29053121  52.79399197  -1.        
 50.79016532  52.70672461  -1.        
 51.63714484  51.4429274   -1.        
 51.90764465  51.95432294  -1.        
 52.64901584  52.18869086  -1.        
 51.72347312  52.74766991  -1.        
 52.4147663   51.75683888  -1.        
 51.94642677  52.64211663  -1.        
 52.43883338  52.20629549  -1.        
 51.7241824   51.43884173  -1.        
 51.80771903  52.49339781  -1.        
 51.42278886  52.59957473  -1.        
 51.29170792  51.19146687  -1.        
 52.44107678  51.64065348  -1.        
 51.79885784  52.23173366  -1.        
 51.94647138  52.89592463  -1.        
 52.29818938  52.27596844  -1.        
 51.77786044  51.39894869  -1.        
 51.66540492  52.28089974  -1.        
 52.35851488  52.44576734  -1.        
 51.61340728  51.87599702  -1.        
 51.95720768  51.97692251  -1.        
 52.38526189  51.15255361  -1.        
 51.47400943  51.51437298  -1.        
 51.6112873   51.60895917  -1.        
 51.87158797  52.45764191  -1.        
 52.40889966  51.74192286  -1.        
 52.44665407  52.38042946  -1.        
 52.44616554  52.25812874  -1.        
 51.13047044  51.73813225  -1.        
 52.47375842  53.13806341  -1.        
 52.50300826  52.09647566  -1.        
 53.76698283  54.09352252  -1.        
 54.04721169  54.59325684  -1.        
 54.40859757  54.54261935  -1.        
 54.9998269  53.9487636  -1.       
 53.6140109  54.1212811  -1.       
 54.67686844  53.47282979   1.        
 53.97004878  54.13052586   1.        
 54.33337186  54.31284336   1.        
 52.64209428  54.41731735   1.        
 53.93369142  54.38468508   1.        
 53.51045831  53.85051552   1.        
 54.19363609  54.11190935   1.        
 54.17106162  53.74853739   1.        
 54.01424264  53.9305077    1.        
 53.46990304  54.46229396   1.        
 53.89627684  54.25951744   1.        
 54.86329884  54.89708945   1.        
 54.21028308  54.02594842   1.        
 54.19854382  54.48402696   1.        
 54.22302576  53.95162212   1.        
 54.20480278  53.88748943   1.        
 54.34079505  54.89086889   1.        
 52.96106386  53.27138486   1.        
 54.14716722  53.1419127    1.        
 54.2597019   53.91159307   1.        
 53.8973688   53.09965761   1.        
 52.90342373  53.7132168    1.        
 53.39502795  54.34129589   1.        
 54.37481238  53.45942425   1.        
 54.08739763  53.84993825   1.        
 53.01662054  54.28994034   1.        
 53.64213224  54.42472848   1.        
 54.6351995   54.39997327   1.        
 53.79016717  54.29896468   1.        
 53.05990465  54.25165096   1.        
 53.51586066  54.48778372   1.        
 53.62224941  53.6040181    1.        
 53.81491185  53.51446322   1.        
 54.11470659  53.45674974   1.        
 54.82246447  54.13859494   1.        
 53.56144525  53.70291695   1.        
 54.09447536  53.87979508   1.        
 53.65116192  53.8722695    1.        
 54.08638148  54.1764308    1.        
 53.97649115  54.32616227   1.        
 54.34630781  54.34694443   1.        
 53.46673386  53.37346246   1.        
 53.79436169  52.63064446   1.        
 53.80370253  53.8656639    1.        
 54.09878604  53.44779418   1.        
 52.64531827  53.04054514   1.        
 51.91712593  52.7996187    1.        
 51.50550364  51.44776037   1.        
 52.17098772  51.99294912   1.        
 51.97756568  52.1711584    1.        
