 40.61079943  39.51111481  -1.        
 39.97513292  39.76036991  -1.        
 40.42579191  40.15816953  -1.        
 40.45209624  39.85493747  -1.        
 39.60935411  39.60953726  -1.        
 40.78244452  39.5952959   -1.        
 39.4719061   39.85838368  -1.        
 39.81632023  39.77518022  -1.        
 40.06329926  40.24488588  -1.        
 40.19186377  39.37252013  -1.        
 39.82570951  39.97746777  -1.        
 40.68790596  40.34971671  -1.        
 39.90043589  39.74632226  -1.        
 40.8262199   40.14108618  -1.        
 39.62912324  39.69845362  -1.        
 39.69302706  40.08480319  -1.        
 39.76073929  40.06767443  -1.        
 39.72952104  40.1964953   -1.        
 40.36173425  40.08000634  -1.        
 39.6985297   39.47477488  -1.        
 39.0093777   40.05495162  -1.        
 40.47845364  39.2674228   -1.        
 40.99805901  39.11600141  -1.        
 40.10814521  39.59515807  -1.        
 39.32031029  40.21913851  -1.        
 39.16864186  40.00314081  -1.        
 39.88800385  39.9369393   -1.        
 39.3556679  39.6966583  -1.       
 40.50919534  39.23440639  -1.        
 40.04620819  39.80113613  -1.        
 39.74232224  40.03867113  -1.        
 39.82028218  39.68579944  -1.        
 40.16449959  40.28245868  -1.        
 39.96348129  40.06810411  -1.        
 40.1668802   40.82427441  -1.        
 40.40281746  39.8410328   -1.        
 40.28202869  39.92108893  -1.        
 40.45528212  40.3417085   -1.        
 39.31607359  40.12098593  -1.        
 40.77099177  39.76545072  -1.        
 39.46178978  39.85939122  -1.        
 39.59698801  40.13348367  -1.        
 39.72922512  40.34383047  -1.        
 39.920809    40.61661194  -1.        
 39.71081036  40.40393753  -1.        
 40.89129463  41.23075181  -1.        
 42.82602574  42.5953821   -1.        
 41.47158313  42.43147144  -1.        
 41.90779939  41.87757384  -1.        
 42.03638722  41.45875272  -1.        
 42.51333942  42.11723561   1.        
 42.62376991  41.95532158   1.        
 42.84528361  41.49045126   1.        
 42.68585295  41.85472154   1.        
 41.78667323  41.60998468   1.        
 41.62703321  41.83494382   1.        
 42.22942139  41.26667537   1.        
 42.13086286  41.56149428   1.        
 41.92660805  42.30866055   1.        
 42.73310219  41.30820282   1.        
 42.25573033  42.24432807   1.        
 41.84151439  41.73552702   1.        
 41.30217169  41.53019355   1.        
 42.0513103   42.23960958   1.        
 42.42863867  42.18367078   1.        
 42.45802985  41.80944454   1.        
 42.3834952   41.38216688   1.        
 41.94616253  41.93916248   1.        
 41.26399079  41.78326124   1.        
 42.86699499  41.80614781   1.        
 41.95217453  41.28627863   1.        
 42.21522114  41.9298668    1.        
 42.43994326  42.19193842   1.        
 43.06043988  42.01487427   1.        
 41.86811217  42.33756491   1.        
 41.7106113   42.42073705   1.        
 40.99303613  42.10164681   1.        
 41.32580454  41.90338332   1.        
 40.99255668  42.04552205   1.        
 41.76621484  42.48429693   1.        
 42.10860401  41.84658966   1.        
 42.58433149  41.25224389   1.        
 42.18571024  42.45672559   1.        
 41.31018023  41.94222332   1.        
 42.29445943  42.72280031   1.        
 42.25957006  42.27128536   1.        
 42.68090825  41.97847221   1.        
 41.45209434  41.87875681   1.        
 41.72285139  42.05162      1.        
 41.57466435  42.44169205   1.        
 42.01932041  41.67370591   1.        
 42.14279923  42.40363347   1.        
 41.76722156  42.71106071   1.        
 41.05563087  41.29751923   1.        
 41.95539457  41.35991219   1.        
 39.44772122  40.35302721   1.        
 38.44925578  39.31355098   1.        
 40.38570296  40.27610958   1.        
 40.83547697  40.31817415   1.        
 39.74337706  40.04103711   1.        
