 126.68245281  126.84195144   -1.        
 126.78188193  127.25935772   -1.        
 126.64836899  126.555983     -1.        
 127.15245047  126.60585145   -1.        
 128.53773188  127.36415682   -1.        
 127.70128206  127.03687608   -1.        
 126.96220817  127.05781905   -1.        
 127.04233343  127.3346697    -1.        
 127.36995209  126.45119157   -1.        
 127.79463273  127.29817719   -1.        
 127.42866313  127.18225948   -1.        
 127.80151707  127.90978461   -1.        
 126.91994514  127.13818201   -1.        
 127.54524054  126.18406102   -1.        
 127.7190714   127.93508885   -1.        
 126.88397371  126.83675104   -1.        
 126.37404023  126.88249253   -1.        
 127.72169823  127.03825966   -1.        
 126.59496513  126.80423587   -1.        
 126.5156671   126.45821266   -1.        
 126.3929406   126.81065119   -1.        
 126.45041724  127.16993792   -1.        
 127.15062615  127.32003324   -1.        
 127.16454295  126.59518342   -1.        
 126.5144089   126.67542827   -1.        
 127.2157882   127.81133774   -1.        
 126.07287469  127.03741992   -1.        
 128.04939188  127.21420887   -1.        
 126.95824106  125.65349815   -1.        
 127.74629708  126.92191548   -1.        
 126.85704172  126.95528916   -1.        
 127.12152252  126.92264507   -1.        
 126.70895522  127.03393674   -1.        
 127.96328271  127.01660161   -1.        
 127.59750343  127.49245673   -1.        
 127.56310314  126.22761278   -1.        
 126.82263877  127.13233238   -1.        
 126.84214238  127.60590164   -1.        
 128.16593826  126.27169787   -1.        
 126.15007233  127.59721322   -1.        
 127.31234581  126.91675747   -1.        
 127.67446928  126.98282966   -1.        
 126.69589036  126.85459755   -1.        
 126.84140549  127.41246919   -1.        
 127.34393542  127.95580007   -1.        
 129.32310259  128.07717174   -1.        
 128.61817164  128.4716922    -1.        
 129.09517536  129.79482019   -1.        
 129.12335781  129.17842871   -1.        
 129.2723786   129.81717312   -1.        
 129.60446479  128.86056519    1.        
 128.04908831  129.12563976    1.        
 127.9872664   128.90172195    1.        
 128.68882603  128.79767085    1.        
 128.25051915  129.88973772    1.        
 128.98162937  128.6959237     1.        
 129.76552744  128.86184324    1.        
 129.35521529  128.62880152    1.        
 129.09116737  129.11665395    1.        
 129.09324033  129.36604613    1.        
 128.96044996  128.74349665    1.        
 129.26344411  128.92062978    1.        
 128.43219849  129.76181071    1.        
 129.20335822  129.2725255     1.        
 129.31620102  129.23542       1.        
 128.90952947  129.0376008     1.        
 129.18708753  129.17947784    1.        
 128.64202527  129.08156075    1.        
 128.81580863  129.92906119    1.        
 129.23712099  128.41251173    1.        
 128.63158523  128.64820649    1.        
 129.2321219   128.66587417    1.        
 128.93090346  129.92665467    1.        
 128.54021665  128.53729393    1.        
 128.8910783   128.95429643    1.        
 129.27120685  129.03475555    1.        
 128.49751802  129.39457562    1.        
 129.14577265  128.51701442    1.        
 129.58173756  128.40880014    1.        
 130.23791496  128.56162861    1.        
 129.50426531  129.68254754    1.        
 129.22178409  128.87308233    1.        
 128.79017389  130.50383899    1.        
 128.42688411  128.8750524     1.        
 128.34147428  128.10941843    1.        
 128.56353615  129.59642853    1.        
 129.95647491  128.82729897    1.        
 129.35167024  128.53278713    1.        
 128.93295714  128.44323456    1.        
 128.59596683  129.1568231     1.        
 128.46279454  129.27483183    1.        
 129.45606363  129.22649948    1.        
 128.20343645  128.89114528    1.        
 128.72156906  129.39118255    1.        
 129.7615362   129.75443217    1.        
 127.01055014  127.75085726    1.        
 126.39586434  126.90618586    1.        
 126.41229814  127.20785914    1.        
 126.43931353  127.81143385    1.        
 126.25716185  127.13558284    1.        
