 64.71721813  64.45692461  -1.        
 64.61095793  65.54510936  -1.        
 64.6099026   65.20163503  -1.        
 65.0865858   65.77750731  -1.        
 64.73754413  66.19240147  -1.        
 64.93405717  65.75179646  -1.        
 64.86388173  65.21095583  -1.        
 65.3419204   64.95531219  -1.        
 65.02994318  64.09353951  -1.        
 65.08745459  65.49463127  -1.        
 65.57516845  65.32290913  -1.        
 65.95700791  65.64474038  -1.        
 65.54503921  66.05592974  -1.        
 65.79736482  65.45425271  -1.        
 66.56115566  65.18460699  -1.        
 65.48142913  65.19268327  -1.        
 65.1802925   66.21947658  -1.        
 65.73562178  66.16923047  -1.        
 65.38714959  64.89803006  -1.        
 64.68945959  64.25414872  -1.        
 64.7778797   65.44170589  -1.        
 64.55084304  65.56109181  -1.        
 64.26956408  66.57556816  -1.        
 65.91789906  66.03998684  -1.        
 65.01307245  66.19067185  -1.        
 65.81106557  65.97594615  -1.        
 65.21771421  64.39334742  -1.        
 65.79574993  65.7716706   -1.        
 65.37299364  64.7157649   -1.        
 65.47797546  64.90580423  -1.        
 66.79614157  65.34819343  -1.        
 65.87307909  65.24427287  -1.        
 65.6752683   65.82264998  -1.        
 65.59660567  65.8085803   -1.        
 65.98665341  66.51742641  -1.        
 66.09408841  65.9441815   -1.        
 65.45590542  65.2785425   -1.        
 64.79508289  65.59783026  -1.        
 66.41058099  65.09697396  -1.        
 66.44976644  65.63975955  -1.        
 65.33608987  64.94456627  -1.        
 66.14079017  65.81156017  -1.        
 64.78118259  66.11977704  -1.        
 66.10405876  65.56283802  -1.        
 65.63449626  64.82928188  -1.        
 67.52015788  67.01092881  -1.        
 67.83900686  67.8948526   -1.        
 67.1232738   66.85931283  -1.        
 68.07910033  67.20393177  -1.        
 67.7954659   67.81150714  -1.        
 66.97846401  67.636578     1.        
 67.81724657  67.29998647   1.        
 66.88408632  67.56499168   1.        
 67.53092256  67.76228456   1.        
 67.45558356  68.14589016   1.        
 67.95311314  67.74999056   1.        
 67.39730517  66.84589562   1.        
 67.32910785  67.42170718   1.        
 66.98595159  67.19213531   1.        
 67.75893868  67.92119906   1.        
 68.27996352  67.90395713   1.        
 68.04900067  68.00273102   1.        
 67.4320328   68.11505866   1.        
 67.59405478  66.85780435   1.        
 67.76059492  66.9321834    1.        
 67.47576395  68.59651396   1.        
 68.03525087  68.10155402   1.        
 67.9144615   67.18307361   1.        
 66.69663777  66.64521981   1.        
 67.87890533  67.05093679   1.        
 67.36876579  67.85514797   1.        
 66.83586547  68.03632671   1.        
 68.16480509  66.8799882    1.        
 67.27451274  67.55244785   1.        
 66.77312957  67.11232918   1.        
 67.79545089  67.87819625   1.        
 67.17677361  66.8720025    1.        
 67.14472472  67.62530449   1.        
 67.07889076  67.19634974   1.        
 68.12369466  67.32539173   1.        
 66.93599187  66.86144566   1.        
 66.93916073  67.64294585   1.        
 67.36493532  66.4093822    1.        
 68.25379008  68.03050886   1.        
 68.2023215   67.48746403   1.        
 66.80562387  67.56948859   1.        
 66.5380721  66.5709103   1.       
 68.01961356  67.44404198   1.        
 67.4457554   67.92859585   1.        
 68.14402161  67.77969963   1.        
 67.48663552  67.42064789   1.        
 67.96731983  67.61005969   1.        
 67.74712858  67.82132577   1.        
 68.01942713  67.84072096   1.        
 66.79128461  68.33729356   1.        
 65.47463308  66.22184918   1.        
 65.83676103  65.85387262   1.        
 66.3272323   65.69838049   1.        
 65.50128253  65.3741726    1.        
 65.43216695  65.75620184   1.        
