 30.10376614  31.28593039  -1.        
 30.60213073  30.89560496  -1.        
 30.55064305  30.13786913  -1.        
 30.60231265  31.03001103  -1.        
 30.97316246  31.45850245  -1.        
 30.17204718  30.89577656  -1.        
 29.95561459  30.92558429  -1.        
 30.98046042  30.7353462   -1.        
 31.88075798  29.88599827  -1.        
 30.83361501  31.08514441  -1.        
 30.38692735  30.50146406  -1.        
 30.48060435  31.11917412  -1.        
 30.6938453   31.61484906  -1.        
 30.76208041  31.04470537  -1.        
 31.71984511  30.1440879   -1.        
 31.09167863  30.10071329  -1.        
 31.50395435  30.61757741  -1.        
 31.31285674  30.97291828  -1.        
 30.53344237  31.45369225  -1.        
 30.40541015  31.61975511  -1.        
 30.53069724  30.64777469  -1.        
 30.68054834  31.30372166  -1.        
 30.22474035  30.74340545  -1.        
 30.49020096  30.93797709  -1.        
 30.86659906  30.92996945  -1.        
 30.61274612  31.26199874  -1.        
 30.71212592  31.09700114  -1.        
 31.14249081  31.1789707   -1.        
 31.67170002  30.50507177  -1.        
 30.68180119  30.67262231  -1.        
 31.48124598  30.85538002  -1.        
 30.72266747  30.47141003  -1.        
 31.38986718  31.65272982  -1.        
 31.33915476  30.85503588  -1.        
 31.19364349  31.25347155  -1.        
 30.90446302  31.89830706  -1.        
 30.33881414  31.77238538  -1.        
 30.94553956  30.22282353  -1.        
 30.20900334  30.55897659  -1.        
 30.50450847  31.02621388  -1.        
 31.16485438  30.20785991  -1.        
 31.38797388  29.9899061   -1.        
 30.63390209  30.95884716  -1.        
 31.53294649  31.79423881  -1.        
 30.70622253  31.01285179  -1.        
 32.87810496  32.39586203  -1.        
 33.51962753  33.31475988  -1.        
 32.91230181  33.2063313   -1.        
 33.41302736  32.70259282  -1.        
 32.60218868  32.34020652  -1.        
 33.09818997  32.34812235   1.        
 33.59308359  32.92596818   1.        
 33.4536339   33.45323502   1.        
 33.00390759  32.19723206   1.        
 33.33595378  33.38458433   1.        
 32.03062224  33.66924178   1.        
 33.03811928  33.32772712   1.        
 33.42734167  32.46342243   1.        
 33.15216979  31.77436935   1.        
 33.79315298  32.49764163   1.        
 32.5780886   32.34665834   1.        
 32.80584482  32.34506275   1.        
 33.12329019  33.01190995   1.        
 33.46413521  32.61351292   1.        
 33.27001837  32.61724033   1.        
 32.5790192  33.3321472   1.       
 32.72938957  33.42995595   1.        
 33.11704701  32.25720889   1.        
 32.62015175  33.87034154   1.        
 33.30016588  33.43954017   1.        
 33.01974916  33.43681319   1.        
 32.43530661  32.99266517   1.        
 32.37284652  31.90025956   1.        
 32.67905124  33.5464012    1.        
 33.09821086  33.5429499    1.        
 33.05154445  32.52576288   1.        
 32.67789025  32.66840962   1.        
 33.58059361  32.96448026   1.        
 32.51383657  33.83856151   1.        
 32.66635745  33.63326744   1.        
 32.54502871  33.61833492   1.        
 33.22520835  32.45841966   1.        
 32.51920639  33.03039843   1.        
 32.97324036  33.39653711   1.        
 33.77380056  33.6358087    1.        
 32.8167254   32.42952803   1.        
 33.13812182  33.44155211   1.        
 34.35260266  32.13694402   1.        
 33.44397266  33.77313995   1.        
 33.35272761  33.23465614   1.        
 32.83773134  33.06218697   1.        
 33.38135122  32.76963705   1.        
 32.33552515  33.28876774   1.        
 32.87489722  32.35628983   1.        
 32.78553511  32.03194811   1.        
 30.0430319   30.92263459   1.        
 30.74708732  31.60158743   1.        
 30.79292343  31.45691615   1.        
 31.7029577   31.40800939   1.        
 30.73854871  30.67872266   1.        
