 2.56383816  2.30365839 -1.        
 2.0911872   1.62148988 -1.        
 2.0277828   1.96038002 -1.        
 1.66940085  2.05792551 -1.        
 2.23308566  2.7554061  -1.        
 1.66532309  2.94440162 -1.        
 2.74178922  1.74706687 -1.        
 2.99774844  3.07777423 -1.        
 1.89785881  2.33851484 -1.        
 2.37872987  2.63997503 -1.        
 2.95384257  1.96014752 -1.        
 2.41845997  3.01515174 -1.        
 2.4411576   3.08932145 -1.        
 2.00867187  3.04251719 -1.        
 2.11973692  2.87668128 -1.        
 2.0096107   2.97124665 -1.        
 2.95976312  2.72490704 -1.        
 2.42704991  2.56787863 -1.        
 2.54089597  2.18184872 -1.        
 3.03626278  2.4925839  -1.        
 2.53481643  1.86903842 -1.        
 2.48480079  3.2261564  -1.        
 2.53775505  2.81536474 -1.        
 1.98093728  2.93137541 -1.        
 2.46797768  2.27191605 -1.        
 2.21727809  2.79467296 -1.        
 2.46977101  1.81615047 -1.        
 2.12541213  2.76284054 -1.        
 2.90855114  3.17193112 -1.        
 3.31751594  3.10150421 -1.        
 2.13551233  2.15401819 -1.        
 2.77688344  2.66487984 -1.        
 2.66694426  3.23045991 -1.        
 2.5064257   3.31217193 -1.        
 2.92979871  2.1560231  -1.        
 2.8446162   2.25591833 -1.        
 2.42042442  2.49843961 -1.        
 1.28654397  2.09115316 -1.        
 2.56559114  3.12046682 -1.        
 1.42273623  2.75280017 -1.        
 3.42030582  2.26035328 -1.        
 2.44259302  2.27824494 -1.        
 3.00409881  2.4201295  -1.        
 2.00440664  2.28829782 -1.        
 2.00288358  1.98262661 -1.        
 4.25034844  4.68264451 -1.        
 4.80689959  4.16457939 -1.        
 4.29979924  3.35902069 -1.        
 4.22899758  4.87812257 -1.        
 4.29264736  3.8313544  -1.        
 5.11183893  4.30270859  1.        
 3.8926417   5.37906876  1.        
 3.89877394  4.76903982  1.        
 5.59149267  4.76465891  1.        
 4.66649051  4.50874303  1.        
 4.82527653  4.23003226  1.        
 4.25363339  4.42211028  1.        
 5.07336636  4.85100203  1.        
 4.64646786  5.17578949  1.        
 4.8443351   5.05348941  1.        
 4.2117964   4.97686473  1.        
 4.19481022  4.9455433   1.        
 4.38652452  5.03798366  1.        
 5.04811397  3.83816861  1.        
 4.22963921  4.23501935  1.        
 4.12117495  3.96226232  1.        
 4.67604439  4.961471    1.        
 4.92254264  5.36516437  1.        
 4.80867617  4.43315011  1.        
 4.60726293  4.70894109  1.        
 4.61562728  4.51297348  1.        
 3.56549591  5.08263132  1.        
 4.35372792  5.43797331  1.        
 4.02656153  3.78911805  1.        
 4.77609728  4.34522457  1.        
 3.98482437  4.26678526  1.        
 4.7428885   4.49863213  1.        
 5.33843345  4.70638617  1.        
 3.97422983  4.45651207  1.        
 4.607547    5.11443066  1.        
 4.17552159  4.19831502  1.        
 4.80375658  5.21188137  1.        
 4.27921647  4.38076851  1.        
 3.35271297  5.23650636  1.        
 3.55930575  4.18938309  1.        
 5.3283308   4.69236262  1.        
 4.89030595  4.35919081  1.        
 5.03193423  4.11400302  1.        
 3.96141743  3.57126926  1.        
 4.36988661  3.65334757  1.        
 4.5842298   4.64216704  1.        
 4.63479044  5.31522867  1.        
 5.366208   4.4073869  1.       
 4.41181259  5.04719861  1.        
 4.77966904  4.31211534  1.        
 3.98685628  3.38039255  1.        
 2.11886492  2.007866    1.        
 2.16694799  2.14954415  1.        
 2.55746324  2.18747544  1.        
 2.3378767   1.42282521  1.        
