 116.35861949  116.35618309   -1.        
 116.674343   116.1027955   -1.       
 116.39323783  117.14430218   -1.        
 116.12580885  116.92235298   -1.        
 115.80397645  116.75109521   -1.        
 116.36007132  116.87130366   -1.        
 116.44290676  116.19606525   -1.        
 116.75130093  116.08419562   -1.        
 116.81115152  116.12274635   -1.        
 117.41500663  116.75797183   -1.        
 116.53943065  116.63255431   -1.        
 115.95043949  116.61836253   -1.        
 115.07522965  116.81464699   -1.        
 116.52019121  116.13418083   -1.        
 117.53165726  116.35542348   -1.        
 116.77899012  116.57721914   -1.        
 116.71036671  116.80353597   -1.        
 116.73838292  116.05077964   -1.        
 116.43372788  115.19839708   -1.        
 116.22014322  116.0074946    -1.        
 116.9171587   116.05046351   -1.        
 116.83984964  116.87386776   -1.        
 116.22394607  115.6814077    -1.        
 116.14630046  116.55275963   -1.        
 116.5566844   117.45103007   -1.        
 116.5546732  116.6038756   -1.       
 116.16132842  116.15227828   -1.        
 116.29862964  117.31085933   -1.        
 116.88147301  117.40054376   -1.        
 116.61602458  115.92247552   -1.        
 116.94828517  116.39520697   -1.        
 116.36501326  116.07144359   -1.        
 115.44926703  116.99446955   -1.        
 116.60470118  116.43621961   -1.        
 116.24989395  116.7838849    -1.        
 117.14710471  115.87397922   -1.        
 116.0735052  115.5217336   -1.       
 117.03793925  116.53782397   -1.        
 117.20344044  115.84328953   -1.        
 116.41238707  116.5482424    -1.        
 116.9660754  115.8340114   -1.       
 115.99325407  116.11210483   -1.        
 116.46651587  116.89874494   -1.        
 116.44538459  116.82190491   -1.        
 116.73576295  115.93795108   -1.        
 118.03527261  118.98420541   -1.        
 118.38567957  118.16755187   -1.        
 118.1612295   118.17927524   -1.        
 117.4103231   118.14873341   -1.        
 118.95721918  119.2644914    -1.        
 118.44769671  119.03249684    1.        
 117.88913783  118.69287919    1.        
 119.18382276  117.76507739    1.        
 118.15754808  118.49975229    1.        
 118.38181737  118.7100511     1.        
 117.96443548  118.49861202    1.        
 118.47433906  118.30137751    1.        
 118.30836326  117.97816645    1.        
 117.80356777  118.71998954    1.        
 117.6609652   118.33774877    1.        
 118.20002872  118.97473855    1.        
 118.3338008   118.00172746    1.        
 118.05884445  119.05370677    1.        
 117.90248724  118.1766166     1.        
 118.44032041  118.51439479    1.        
 118.23251553  118.23523907    1.        
 118.90254579  118.17093076    1.        
 118.05568298  118.7952594     1.        
 118.8848537  117.610807     1.       
 119.34525642  118.52177593    1.        
 119.23817631  118.47804743    1.        
 117.9236779   118.72072079    1.        
 119.58540655  118.05812975    1.        
 118.55178797  118.32112131    1.        
 118.39499375  118.06118485    1.        
 118.61445644  118.7426517     1.        
 117.65575254  118.26572749    1.        
 118.12231272  118.82052115    1.        
 118.35937869  118.78043081    1.        
 117.69121229  118.21368753    1.        
 118.46251089  118.81278177    1.        
 119.60510626  118.33602933    1.        
 117.71264584  117.9814348     1.        
 118.6587402   118.78236246    1.        
 118.31566541  118.41299409    1.        
 118.60706495  119.36073884    1.        
 118.69547588  118.23365857    1.        
 118.33077968  119.0063133     1.        
 119.0294713   118.66139663    1.        
 118.56123066  119.00877276    1.        
 117.82716754  118.82864316    1.        
 119.3738099   118.60332531    1.        
 118.1693476   118.96330061    1.        
 118.0029196   118.40180349    1.        
 118.20031112  118.50378572    1.        
 116.33596402  116.44063066    1.        
 115.90559878  116.28959865    1.        
 115.72842198  116.71408039    1.        
 116.68729206  116.85618133    1.        
 116.95517849  116.27372502    1.        
