 104.9546098   103.98738152   -1.        
 104.51082725  103.99746215   -1.        
 104.17213956  104.89479282   -1.        
 105.45232692  104.52251558   -1.        
 105.13173222  104.58886233   -1.        
 104.64926437  104.82045084   -1.        
 104.97636659  104.9882479    -1.        
 104.60954056  104.09621182   -1.        
 104.91613989  103.71948834   -1.        
 104.92614892  105.26512247   -1.        
 104.79361446  104.16289323   -1.        
 103.81016673  103.9086236    -1.        
 104.8511849   104.75682769   -1.        
 104.72657668  104.37201504   -1.        
 104.44989437  103.93616253   -1.        
 104.58298846  104.47744606   -1.        
 104.30872209  104.23462042   -1.        
 104.81713954  104.91219346   -1.        
 105.20267874  104.1232826    -1.        
 104.2539544   104.89125638   -1.        
 104.38107057  104.91873962   -1.        
 104.61498029  104.16207339   -1.        
 103.62710148  104.73949377   -1.        
 103.98797074  104.88423628   -1.        
 104.5174968  104.6137418   -1.       
 104.45259374  104.31506701   -1.        
 104.77531891  104.40711825   -1.        
 105.35020265  104.53829026   -1.        
 105.20741207  104.56356471   -1.        
 104.15143901  104.12033807   -1.        
 104.76370121  104.62620559   -1.        
 105.45240687  104.55872542   -1.        
 104.83119524  104.33967923   -1.        
 103.89149212  103.97833706   -1.        
 104.00458232  104.66739654   -1.        
 103.71538761  104.25709257   -1.        
 104.78414777  104.15256152   -1.        
 104.28332172  104.20706949   -1.        
 105.1107004   104.51636586   -1.        
 105.26752598  105.41210771   -1.        
 103.89532292  104.65805603   -1.        
 104.22744051  104.78602522   -1.        
 104.02883922  104.10762708   -1.        
 105.21086846  104.54235478   -1.        
 104.82461597  103.98366574   -1.        
 106.7005704   106.42976847   -1.        
 107.16532652  106.42045611   -1.        
 106.75824017  106.19778555   -1.        
 106.30285049  106.9440046    -1.        
 106.06151182  106.0835595    -1.        
 106.7722174   107.44073836    1.        
 106.53722473  106.06206831    1.        
 106.49158495  106.42788003    1.        
 106.36697721  106.93917178    1.        
 107.00003181  107.23493215    1.        
 106.35188369  105.94417484    1.        
 106.62696691  106.46125782    1.        
 106.01455121  105.89625844    1.        
 106.26680401  106.37443192    1.        
 107.29562873  107.01452068    1.        
 106.80631517  106.39846537    1.        
 107.1592463  106.4834785    1.       
 105.64587286  106.34491682    1.        
 107.03385308  106.73550888    1.        
 106.09218782  106.81034995    1.        
 106.14029167  105.95180059    1.        
 106.64611259  106.60505985    1.        
 106.95623594  106.83161115    1.        
 106.45946852  105.76076224    1.        
 106.15484937  107.07612225    1.        
 105.70013467  107.10258023    1.        
 106.39813322  107.12202943    1.        
 107.25232084  107.68893705    1.        
 106.61232242  106.50714795    1.        
 105.20439375  105.7013075     1.        
 106.95344276  106.88642353    1.        
 106.16622302  106.33367434    1.        
 107.00134527  106.45147881    1.        
 107.19941634  107.0162923     1.        
 106.47530709  106.37412523    1.        
 106.17327306  106.48816881    1.        
 106.57603626  106.23623383    1.        
 105.78980913  106.28664557    1.        
 107.31727283  106.3685433     1.        
 106.65290482  106.12942074    1.        
 107.49753649  106.20985183    1.        
 106.52361936  106.20633063    1.        
 105.99746934  106.3579353     1.        
 106.371894    107.36166921    1.        
 106.62708172  106.9842028     1.        
 107.3152537   106.15679613    1.        
 105.54765871  105.6846001     1.        
 106.56266388  106.4663868     1.        
 106.39779026  106.72382037    1.        
 106.4955454   106.45536472    1.        
 103.91711706  104.43847726    1.        
 104.22700101  104.92457594    1.        
 104.82978779  105.04386213    1.        
 105.02980619  103.87223842    1.        
 105.16685605  104.00363443    1.        
