 143.39468165  143.62591054   -1.        
 143.75650292  143.1299973    -1.        
 142.61428818  144.11987766   -1.        
 144.16208687  142.7085398    -1.        
 143.37913548  144.27112998   -1.        
 143.59636833  143.02943441   -1.        
 143.54415346  143.40679129   -1.        
 144.141135    143.47430321   -1.        
 144.0706004   143.34259141   -1.        
 143.07190491  144.19113734   -1.        
 143.33303349  143.49857708   -1.        
 143.08223182  143.74828612   -1.        
 143.85555517  143.56575418   -1.        
 143.71748778  143.99694469   -1.        
 143.39454399  144.11679833   -1.        
 143.92416369  142.6909555    -1.        
 143.38301242  143.1378501    -1.        
 143.46591992  143.65706467   -1.        
 143.55093874  143.6161261    -1.        
 143.13184589  144.64633463   -1.        
 143.61443773  144.49775498   -1.        
 142.4484542   143.38903154   -1.        
 143.92878077  143.32965811   -1.        
 144.14027667  143.47107436   -1.        
 144.13124792  143.71834813   -1.        
 142.73281155  143.08102402   -1.        
 143.71654766  142.82866216   -1.        
 144.03547463  142.57530442   -1.        
 143.33422142  143.10055919   -1.        
 143.95517393  143.38691551   -1.        
 143.08076705  143.33575538   -1.        
 144.01868525  142.36202231   -1.        
 143.80343025  144.02479777   -1.        
 143.06778601  143.01583932   -1.        
 142.76377937  142.52723383   -1.        
 143.45006892  143.14912546   -1.        
 143.73337522  143.31937581   -1.        
 143.36479273  142.79137626   -1.        
 144.45560005  143.72726982   -1.        
 143.40022875  144.18684108   -1.        
 143.75594482  143.56481681   -1.        
 143.25625776  143.87135583   -1.        
 143.40982404  143.84493848   -1.        
 143.3802326   143.25453787   -1.        
 142.39705036  143.95871822   -1.        
 146.5902434   145.06162291   -1.        
 146.00939295  144.9024663    -1.        
 145.44756714  144.78445559   -1.        
 146.58450419  145.46410131   -1.        
 145.43188834  146.37348302   -1.        
 145.74629441  145.8825795     1.        
 144.96543318  145.89811515    1.        
 145.39209483  144.32478812    1.        
 144.39320939  145.0228059     1.        
 144.96338353  145.39047288    1.        
 144.95839013  144.10246605    1.        
 146.08048775  145.21688229    1.        
 146.34555641  145.09005077    1.        
 145.98747643  144.88485166    1.        
 145.17407905  145.17061548    1.        
 145.50875721  145.27185826    1.        
 146.14376982  145.61655607    1.        
 145.03372322  144.64154627    1.        
 145.45094914  145.70087966    1.        
 146.37499555  145.96490973    1.        
 145.05041712  145.53857504    1.        
 146.27574552  145.29092997    1.        
 145.40975358  146.08839957    1.        
 145.05372009  144.7095766     1.        
 145.56550161  145.14636987    1.        
 145.41442954  145.69826848    1.        
 145.17654763  145.7946233     1.        
 145.50432159  145.49651253    1.        
 145.49280322  145.39807678    1.        
 146.26250592  146.34371412    1.        
 145.24754707  145.11006486    1.        
 145.26735317  144.82699558    1.        
 145.65597404  146.16042209    1.        
 145.57757652  145.97710238    1.        
 145.34815616  144.91986681    1.        
 145.41911158  145.22964194    1.        
 145.60090234  144.9249041     1.        
 145.90099569  145.59709567    1.        
 146.39218726  145.73953486    1.        
 144.88422567  145.54878289    1.        
 145.97937914  145.62752036    1.        
 145.862571   145.4557097    1.       
 144.8995787   144.79760591    1.        
 145.56259361  144.57527097    1.        
 145.98873312  145.79329102    1.        
 146.80998047  145.72902271    1.        
 145.35949728  145.95786969    1.        
 145.17830064  145.61741426    1.        
 145.21858942  146.03667716    1.        
 146.06707394  146.04057133    1.        
 143.17428622  143.88712633    1.        
 143.29279013  144.2200708     1.        
 144.28879958  143.95014114    1.        
 143.96725761  143.65311764    1.        
 144.44468405  144.32250649    1.        
