 109.99221816  110.5130114    -1.        
 109.92140002  109.73301451   -1.        
 110.58331043  110.19440335   -1.        
 110.78115687  110.83313078   -1.        
 111.37129223  110.87308148   -1.        
 110.3111531  110.3506374   -1.       
 110.02309611  110.04820506   -1.        
 110.93015783  109.96567681   -1.        
 110.96603908  111.34789354   -1.        
 110.0088127   110.46900799   -1.        
 110.75600017  110.62262046   -1.        
 110.50238614  110.57897631   -1.        
 109.75503902  110.09771942   -1.        
 111.86419212  110.10276192   -1.        
 110.89489211  110.00519305   -1.        
 109.76424029  111.18622441   -1.        
 110.5999248   111.29657483   -1.        
 110.48687611  110.26510977   -1.        
 110.33293276  109.95553946   -1.        
 109.9870474   110.54270198   -1.        
 110.67271904  110.13222819   -1.        
 111.38006988  109.94891934   -1.        
 111.49109338  110.51307837   -1.        
 110.46544373  111.28505842   -1.        
 111.0187911   110.94307018   -1.        
 111.21218799  109.73985008   -1.        
 111.50452771  110.93149861   -1.        
 109.73031538  110.11529317   -1.        
 110.21739568  110.69717181   -1.        
 110.13203063  109.13039139   -1.        
 110.22965153  109.41623008   -1.        
 110.78470727  110.54801664   -1.        
 110.54990586  110.46754164   -1.        
 111.55559969  111.14924341   -1.        
 110.15029888  110.93385777   -1.        
 110.989794    109.99458564   -1.        
 110.88835092  111.05726225   -1.        
 109.87823471  111.15640727   -1.        
 111.09091043  110.60364388   -1.        
 110.28066971  110.70599117   -1.        
 110.10386306  111.39390222   -1.        
 110.33225837  110.17704083   -1.        
 110.73013087  110.81876118   -1.        
 110.57225354  110.56774423   -1.        
 110.32435734  110.76248641   -1.        
 112.09066152  112.00424142   -1.        
 112.15119716  111.83144537   -1.        
 112.21225005  112.21540975   -1.        
 111.13261971  112.16231891   -1.        
 111.94037123  113.05476274   -1.        
 112.6834187   112.59896026    1.        
 112.75757923  112.48300064    1.        
 112.78534992  113.00572025    1.        
 112.50112004  113.17413379    1.        
 113.22836341  112.7909569     1.        
 112.49067951  112.47000505    1.        
 112.51512171  112.97516497    1.        
 112.99745406  111.62599863    1.        
 112.68770068  112.84806199    1.        
 112.97648523  112.59073886    1.        
 112.95066967  113.19474634    1.        
 112.16072914  112.85916449    1.        
 112.61387739  113.15673425    1.        
 113.31158315  113.06883143    1.        
 112.02105777  112.26023897    1.        
 111.96837784  111.18044488    1.        
 112.64171536  112.92605243    1.        
 112.96221715  112.25054006    1.        
 112.35229271  112.03799835    1.        
 112.61087132  112.62398969    1.        
 112.0699656   111.94055643    1.        
 112.85341418  113.10880124    1.        
 113.0025961   112.22677075    1.        
 112.22376327  112.51263357    1.        
 111.87690047  111.27298345    1.        
 113.16353338  112.45709694    1.        
 111.78269449  112.85439822    1.        
 111.5581481   113.25956162    1.        
 112.87587339  112.55855362    1.        
 111.91041156  113.41030636    1.        
 112.24051294  112.80799303    1.        
 112.57770994  111.84731878    1.        
 112.86602409  112.61357166    1.        
 112.35662309  112.83884346    1.        
 112.90489054  112.49912229    1.        
 112.51688322  111.63509898    1.        
 111.93862534  112.45308025    1.        
 112.66223302  111.85912589    1.        
 112.72238336  112.42860244    1.        
 113.26490756  112.68962078    1.        
 112.51557541  112.66936366    1.        
 112.68592438  111.92912241    1.        
 112.8465062   112.41367054    1.        
 112.96472052  113.55012369    1.        
 111.89497827  113.12193771    1.        
 109.93827904  110.02677938    1.        
 110.29592589  110.48126698    1.        
 109.99548033  109.73389044    1.        
 111.24033435  110.36866417    1.        
 110.17752263  110.43465978    1.        
