 85.71072285  84.77054786  -1.        
 85.07047878  84.92522474  -1.        
 84.85252095  85.33468369  -1.        
 85.7917286   85.22210995  -1.        
 85.85277299  84.93424659  -1.        
 84.20595249  85.63319516  -1.        
 84.58480815  85.06797708  -1.        
 84.47653053  85.61501748  -1.        
 84.16196457  85.29557089  -1.        
 85.24458677  84.30697732  -1.        
 85.1510825   84.48300807  -1.        
 84.35486274  85.20064727  -1.        
 84.53596219  85.49664607  -1.        
 85.66711631  84.39102298  -1.        
 85.01527112  85.47792913  -1.        
 85.36910839  84.19675534  -1.        
 84.65791789  85.98903933  -1.        
 84.61253222  84.8097492   -1.        
 85.08688302  85.0891692   -1.        
 86.24487805  84.87624297  -1.        
 84.86247267  85.16316966  -1.        
 83.98507043  84.76839491  -1.        
 85.13456372  84.44413415  -1.        
 85.74821956  85.13034952  -1.        
 85.10138316  84.3266633   -1.        
 85.11581807  84.86713376  -1.        
 85.98384377  84.64684817  -1.        
 84.87010532  85.10593166  -1.        
 86.01302027  85.6035661   -1.        
 84.66703348  84.47791091  -1.        
 86.30159742  85.54640912  -1.        
 84.10687425  85.77991696  -1.        
 86.53340833  84.76135525  -1.        
 85.82773229  84.74894725  -1.        
 85.69367371  85.82884439  -1.        
 84.97032072  84.7450806   -1.        
 84.5500683   85.24245508  -1.        
 85.25506888  84.54196964  -1.        
 84.25260764  84.71580193  -1.        
 84.92981959  83.99527185  -1.        
 85.23332313  85.58173087  -1.        
 85.67121292  84.35775437  -1.        
 84.5428697  85.4809661  -1.       
 84.95272986  85.47451522  -1.        
 85.41247769  85.07344103  -1.        
 86.08283535  87.0400589   -1.        
 87.37026162  87.39704486  -1.        
 85.90295021  87.55312344  -1.        
 87.24615366  86.76875196  -1.        
 86.70918499  87.30870593  -1.        
 86.13874974  86.92890571   1.        
 87.00841982  86.8082071    1.        
 87.18220592  87.34780588   1.        
 86.81759041  87.47720125   1.        
 87.31606042  86.24060179   1.        
 87.2795188   86.91472526   1.        
 86.73985271  88.02703336   1.        
 87.18412377  87.69843848   1.        
 86.56085534  86.86558494   1.        
 87.0182508  87.0433696   1.       
 87.26880239  86.22460662   1.        
 86.7761884   87.54668465   1.        
 86.30633009  86.29904893   1.        
 86.47867903  86.60042234   1.        
 86.77844064  86.89188434   1.        
 87.14115467  87.09277738   1.        
 88.047703    86.71394269   1.        
 87.86134594  87.97230964   1.        
 87.62273331  87.09904715   1.        
 86.69732241  87.4745338    1.        
 87.13653823  86.94873516   1.        
 87.29302821  86.69430807   1.        
 86.63031633  86.57581639   1.        
 87.57490688  87.65386971   1.        
 86.64492626  86.76525244   1.        
 86.94929263  87.49677001   1.        
 87.19663706  86.81676393   1.        
 87.15169745  86.09799277   1.        
 87.14800738  87.93980476   1.        
 86.84441415  86.35233301   1.        
 86.93026444  86.41250493   1.        
 86.85400733  86.23747854   1.        
 86.75098445  86.78365369   1.        
 86.84457541  86.11393628   1.        
 86.33950562  86.96208861   1.        
 85.8056467   87.41597669   1.        
 87.46089512  88.51028212   1.        
 87.15563941  87.00636221   1.        
 86.96813352  86.56497928   1.        
 87.53564106  86.8370688    1.        
 86.72561816  87.74698671   1.        
 86.87823932  87.09496767   1.        
 86.85749837  87.18472162   1.        
 87.00947497  86.84625346   1.        
 86.03057162  86.48434278   1.        
 84.92488905  84.52785058   1.        
 84.74036076  85.04358279   1.        
 84.84503264  85.61312435   1.        
 84.89851014  85.08497396   1.        
 85.29963613  85.62124994   1.        
