 36.77329622  36.92467114  -1.        
 37.03805833  37.21131404  -1.        
 37.51261309  37.02062336  -1.        
 37.24235868  36.33330515  -1.        
 36.61728221  37.44297429  -1.        
 36.943465    36.96104034  -1.        
 37.012059    36.56572432  -1.        
 36.49202933  36.57456316  -1.        
 37.19449186  36.49077902  -1.        
 37.91961108  36.93619161  -1.        
 37.21924042  36.82438659  -1.        
 36.32046132  38.17076296  -1.        
 37.53293609  38.0419213   -1.        
 37.17579234  36.59344723  -1.        
 36.50128254  37.85096933  -1.        
 37.14201291  38.00486089  -1.        
 35.78115155  37.59115855  -1.        
 35.79595952  35.71905235  -1.        
 37.76739145  37.36234295  -1.        
 37.0434164   38.19789809  -1.        
 37.5832407   37.17774944  -1.        
 37.61661109  36.50601429  -1.        
 37.14729697  37.42385188  -1.        
 37.52783588  36.92113911  -1.        
 36.01280211  37.55611814  -1.        
 37.39205626  36.96810884  -1.        
 36.66355507  36.49213874  -1.        
 37.63706079  37.22870792  -1.        
 36.09419711  36.99010271  -1.        
 36.92960395  37.08573496  -1.        
 36.8294909   37.43766636  -1.        
 37.32046959  37.54138393  -1.        
 36.80646725  36.06343763  -1.        
 36.7510379   37.40532894  -1.        
 37.57847465  37.53468227  -1.        
 36.99164371  36.96060577  -1.        
 36.24623911  36.23758862  -1.        
 37.2865003   37.04088536  -1.        
 36.70785494  36.54323693  -1.        
 37.10263678  37.59560604  -1.        
 37.18865155  37.54967096  -1.        
 36.79225064  36.87277914  -1.        
 37.30463025  37.09031431  -1.        
 36.59363914  37.28682467  -1.        
 36.66957545  36.81392429  -1.        
 39.06460033  39.27945733  -1.        
 38.15953527  39.00055085  -1.        
 39.28594423  38.90722416  -1.        
 38.62528035  38.40828896  -1.        
 38.44931578  39.18777367  -1.        
 39.4512411   38.95081013   1.        
 39.54080108  39.12746011   1.        
 38.82605319  38.73579282   1.        
 39.71732619  40.12618313   1.        
 38.78093492  38.92092923   1.        
 38.51934169  38.98856456   1.        
 39.22515476  38.22213216   1.        
 39.80187989  38.58355607   1.        
 38.65947285  39.4292969    1.        
 39.92087154  39.44649528   1.        
 39.12035913  39.2367842    1.        
 38.95347449  38.70515212   1.        
 39.12911338  39.06023016   1.        
 39.00277063  37.89453263   1.        
 38.68963278  39.19531703   1.        
 39.5314352   38.23014187   1.        
 38.76459856  39.04010326   1.        
 38.99557695  38.66201566   1.        
 39.4861913   39.83438452   1.        
 39.03662544  38.44355411   1.        
 39.42929655  38.97770914   1.        
 39.64807703  38.20617918   1.        
 38.74929247  39.46844888   1.        
 39.1220365   38.91988442   1.        
 38.54576061  39.18616578   1.        
 38.92908398  39.32838167   1.        
 39.61435578  38.91182648   1.        
 38.96457859  39.40945364   1.        
 39.25064881  39.14975462   1.        
 38.47479788  38.57928245   1.        
 38.47578546  39.53964309   1.        
 38.75319981  38.85674966   1.        
 38.56299318  39.49396961   1.        
 39.33631798  39.42284269   1.        
 39.45681007  38.93378744   1.        
 38.80107043  38.85243064   1.        
 38.71036034  38.74551686   1.        
 38.82917627  39.59516154   1.        
 38.48076329  38.73012255   1.        
 38.97041918  38.1136619    1.        
 38.75519092  38.58594114   1.        
 39.23459285  39.2221045    1.        
 39.2613406   38.95557948   1.        
 38.74133544  38.90733328   1.        
 37.99281749  39.18966175   1.        
 36.8732799   37.77627417   1.        
 37.40388757  36.72936697   1.        
 36.84020292  37.70447276   1.        
 36.9296545   37.51287463   1.        
 37.04079568  36.95601049   1.        
