 80.37898073  80.0095674   -1.        
 80.14231483  81.08090029  -1.        
 80.36927069  81.02845329  -1.        
 79.83754084  79.87136339  -1.        
 80.22049798  81.39035904  -1.        
 80.56455107  81.12150916  -1.        
 81.11385197  80.25183959  -1.        
 79.58722184  80.09349234  -1.        
 80.95287794  80.37637189  -1.        
 80.24788202  79.73239554  -1.        
 80.61210507  80.8672135   -1.        
 81.4092836   80.64826962  -1.        
 79.91179854  80.27011572  -1.        
 81.17233483  80.4882944   -1.        
 81.0619268   79.96592151  -1.        
 79.79057375  79.83023557  -1.        
 80.94874816  80.27549454  -1.        
 80.57078649  80.66411994  -1.        
 80.76963398  79.48804019  -1.        
 80.72165256  79.78591746  -1.        
 80.24768586  80.09943066  -1.        
 80.28401575  81.53230577  -1.        
 80.55888882  80.38198435  -1.        
 80.71784508  80.99401251  -1.        
 80.10697967  80.84215129  -1.        
 80.5797078   80.63563421  -1.        
 81.2361683   80.40165487  -1.        
 80.02890994  80.81996604  -1.        
 81.14477665  79.81410041  -1.        
 80.84278621  80.30183305  -1.        
 80.43372266  81.1782718   -1.        
 80.34586273  80.04677331  -1.        
 81.28870168  80.63216803  -1.        
 80.12813513  80.17986247  -1.        
 80.33226577  80.41761532  -1.        
 80.1985299   80.78759351  -1.        
 80.75988697  80.72564352  -1.        
 79.61312612  80.09211902  -1.        
 80.75726688  81.04955009  -1.        
 80.57552984  80.76953753  -1.        
 80.99322566  80.8273948   -1.        
 79.98203269  80.23419108  -1.        
 79.90589329  80.06761969  -1.        
 80.83500512  80.55342043  -1.        
 80.59585353  80.82653725  -1.        
 82.50885092  81.91470718  -1.        
 82.98540664  82.07033461  -1.        
 81.56281238  83.11030528  -1.        
 83.38133688  81.96652633  -1.        
 82.1952322   83.61813551  -1.        
 82.02007008  83.01124326   1.        
 82.90321461  81.80330885   1.        
 82.92618683  83.29128719   1.        
 83.0095706   82.09911307   1.        
 82.84924088  82.87181312   1.        
 83.02142533  82.86485103   1.        
 82.61137163  81.85795424   1.        
 82.42088933  82.64036377   1.        
 83.27879901  81.4084546    1.        
 82.58350066  82.89340032   1.        
 82.24098234  82.06004595   1.        
 81.73376897  83.00096185   1.        
 83.2206382   81.42317952   1.        
 82.48135797  82.23296896   1.        
 82.66986226  83.42923941   1.        
 82.82861642  82.41891083   1.        
 82.40786745  82.84313066   1.        
 82.04883792  81.84828968   1.        
 82.78523241  82.032847     1.        
 82.88706082  82.08801144   1.        
 82.82781163  82.97118116   1.        
 82.21724074  82.38135615   1.        
 82.17655253  82.18388157   1.        
 81.35529234  82.97418549   1.        
 82.0257848  82.9709679   1.       
 82.15406825  82.09128626   1.        
 82.13909356  82.45607832   1.        
 82.94500687  83.30255372   1.        
 83.10890965  82.20956214   1.        
 82.32478256  82.62122259   1.        
 82.24686398  81.96657295   1.        
 82.08286135  83.63555533   1.        
 83.13530175  83.58330905   1.        
 82.48916784  82.94121453   1.        
 83.2936094   81.90369147   1.        
 82.41728656  82.48944499   1.        
 82.03721768  82.34467235   1.        
 82.34694609  82.71859698   1.        
 83.5857002   82.61020591   1.        
 82.04167355  82.65085766   1.        
 83.19991455  82.28390366   1.        
 82.70958248  82.78216595   1.        
 82.71523603  82.80311811   1.        
 82.20519681  82.81143401   1.        
 82.42249836  82.71456035   1.        
 80.79860019  81.06546107   1.        
 81.05070156  80.6054556    1.        
 80.2054514   80.53066241   1.        
 80.33431669  80.35771712   1.        
 81.25126958  80.27245371   1.        
