 136.2516008   137.92656194   -1.        
 137.66359656  137.16650173   -1.        
 138.46239736  137.46651161   -1.        
 137.18314345  137.35065495   -1.        
 138.43952174  137.80465911   -1.        
 137.73403367  137.35129499   -1.        
 138.04264074  137.67633848   -1.        
 137.72626221  138.31107307   -1.        
 137.23905818  136.91702931   -1.        
 137.80514932  137.9590343    -1.        
 138.16751491  137.1313032    -1.        
 136.61341424  138.07288815   -1.        
 137.39211622  137.52216056   -1.        
 137.94116878  137.022713     -1.        
 137.59786305  137.68926595   -1.        
 138.44518663  137.03815946   -1.        
 137.34305975  137.66112368   -1.        
 137.88408327  137.38770491   -1.        
 137.34525     136.26935769   -1.        
 136.62308523  137.5082248    -1.        
 137.69605853  137.63783052   -1.        
 138.17241921  138.10329825   -1.        
 137.25709482  137.70403138   -1.        
 137.33241499  137.31549514   -1.        
 137.98950387  137.14434676   -1.        
 137.54324119  137.35557831   -1.        
 136.76780758  137.36255029   -1.        
 137.07995922  137.85175688   -1.        
 136.77703654  137.41677811   -1.        
 137.37998185  137.15017699   -1.        
 137.13487674  137.03597974   -1.        
 137.51330337  138.55008729   -1.        
 138.75202945  137.44938509   -1.        
 138.24198741  137.37110966   -1.        
 137.5747504   135.99753469   -1.        
 137.4950878   137.21468299   -1.        
 138.47976004  137.75542645   -1.        
 137.08348125  137.25352436   -1.        
 137.38293987  137.5429501    -1.        
 137.78706045  137.73201635   -1.        
 137.53942096  137.1798344    -1.        
 137.46894836  137.76722748   -1.        
 136.97256557  137.3821589    -1.        
 137.87000978  137.74488242   -1.        
 138.05705177  137.78722295   -1.        
 138.78432956  138.85510758   -1.        
 140.36286486  140.03494223   -1.        
 139.42028699  139.60401194   -1.        
 139.61367627  139.54311012   -1.        
 139.09751029  139.14586927   -1.        
 139.53920024  139.46446176    1.        
 139.74759983  139.40927846    1.        
 139.75765757  140.29425109    1.        
 139.8082225   139.00840722    1.        
 139.15474565  139.56824586    1.        
 139.87449626  139.55577912    1.        
 139.91508713  140.25402308    1.        
 139.61184274  139.70393721    1.        
 139.1032576   140.12322174    1.        
 140.15901738  139.65732682    1.        
 138.94861335  139.37177186    1.        
 139.23545151  140.32355624    1.        
 139.4028804   139.04646142    1.        
 139.11659649  138.35126507    1.        
 139.61771224  139.58887678    1.        
 140.19943216  139.46295945    1.        
 139.8702254   139.63132161    1.        
 138.49595161  140.12538566    1.        
 139.76579581  140.00597344    1.        
 139.51560283  139.98035157    1.        
 139.17473002  140.47368902    1.        
 139.77573329  139.58990883    1.        
 139.30640073  138.36751296    1.        
 139.89178215  139.47848695    1.        
 139.18149463  139.16339253    1.        
 139.8037605   139.62914762    1.        
 138.88025887  139.62165462    1.        
 138.81411339  139.64642656    1.        
 138.8921183   140.03164017    1.        
 139.60575984  139.74957657    1.        
 139.54612963  139.27880468    1.        
 138.66656804  140.10038991    1.        
 139.32125264  138.65562721    1.        
 139.69777062  139.22413986    1.        
 139.58365894  139.75588833    1.        
 139.41971352  140.04512534    1.        
 140.25095218  139.44381207    1.        
 139.71770654  140.44475109    1.        
 138.9733016   139.12348331    1.        
 139.39489774  139.67964707    1.        
 139.27834784  139.47385455    1.        
 139.61063158  139.59575925    1.        
 139.40982081  139.9300276     1.        
 139.33428863  139.29472066    1.        
 139.79191176  139.45554984    1.        
 136.60990179  137.8483854     1.        
 136.84896775  137.20087855    1.        
 137.22343112  137.3238128     1.        
 137.49048533  138.50772181    1.        
 137.69500024  138.17434864    1.        
