 24.88526285  24.97068894  -1.        
 24.57121356  24.92507521  -1.        
 25.41106737  25.11808956  -1.        
 25.75261203  25.7425339   -1.        
 24.65223712  25.60239647  -1.        
 24.89242417  25.75667178  -1.        
 24.81491991  25.84625015  -1.        
 24.52334704  25.08387822  -1.        
 25.07791141  25.5471491   -1.        
 25.21990597  24.90610223  -1.        
 25.1100016   24.74728666  -1.        
 24.82977593  25.33810551  -1.        
 25.07528167  24.83885039  -1.        
 25.08686806  25.18787304  -1.        
 25.12766942  25.0275088   -1.        
 24.56166654  25.04040153  -1.        
 24.3785204   24.26256995  -1.        
 24.91236247  24.69887338  -1.        
 24.43626137  24.77169487  -1.        
 24.05524835  24.72292027  -1.        
 25.0654801   25.49050676  -1.        
 25.92048616  24.6531941   -1.        
 25.35532945  25.15849331  -1.        
 24.9518355   25.39752198  -1.        
 25.07128976  24.80857762  -1.        
 24.85403103  26.23437107  -1.        
 24.86673037  24.93933687  -1.        
 25.38334926  25.04147541  -1.        
 25.3116269   25.48021861  -1.        
 25.4056103   24.63333686  -1.        
 25.43955508  25.749629    -1.        
 24.95410526  25.74097422  -1.        
 24.18184031  24.92546241  -1.        
 25.1954468   25.33422806  -1.        
 24.71855659  24.13377669  -1.        
 24.16508766  24.42536217  -1.        
 24.5503562   24.90397565  -1.        
 24.77939574  26.07935     -1.        
 25.53365844  25.4445993   -1.        
 24.8071997   25.18792243  -1.        
 26.07161743  25.12113326  -1.        
 25.3014395   25.15514572  -1.        
 26.58230156  24.75979893  -1.        
 25.00536784  24.98251817  -1.        
 25.68269223  25.62859221  -1.        
 26.76104599  26.61385298  -1.        
 27.27007912  26.62800863  -1.        
 26.79942163  27.012268    -1.        
 26.90884949  27.99492409  -1.        
 26.47062672  27.35150641  -1.        
 27.52614474  26.88799642   1.        
 26.87784532  27.51335146   1.        
 27.05140083  27.02139816   1.        
 26.44783092  26.70693468   1.        
 27.15686557  26.64075067   1.        
 27.08170006  26.88946235   1.        
 26.44380651  26.41256436   1.        
 26.4380676   26.44967861   1.        
 26.95322976  26.54081493   1.        
 27.51039873  26.74703511   1.        
 26.61419671  26.46759413   1.        
 27.94097724  26.87083803   1.        
 27.29998001  27.43070123   1.        
 27.79114654  26.54794811   1.        
 27.37217967  27.10956924   1.        
 26.84236926  27.91171237   1.        
 26.97996948  26.90722227   1.        
 27.74677859  26.7496989    1.        
 26.24558107  26.71075861   1.        
 27.22722721  26.29433479   1.        
 27.55906483  26.85195354   1.        
 26.89679564  26.73086089   1.        
 27.23333229  26.29933875   1.        
 27.01315615  27.26636054   1.        
 26.4629043   27.08965575   1.        
 27.1296141   27.36357054   1.        
 27.34184475  27.30074239   1.        
 26.78285003  26.95741756   1.        
 26.74791162  27.78484913   1.        
 26.97074134  27.04748991   1.        
 26.27529966  27.33730633   1.        
 26.02893629  27.70646603   1.        
 26.96080298  26.73158779   1.        
 26.33706906  26.52479131   1.        
 27.58514797  27.04796932   1.        
 27.17470936  28.15009315   1.        
 27.38152257  27.65406011   1.        
 27.24997366  25.75707603   1.        
 26.63949805  26.6531046    1.        
 26.82835941  27.39081873   1.        
 26.65271282  27.46699738   1.        
 27.29411747  26.85369895   1.        
 26.84716999  27.07649      1.        
 26.97671215  26.27505994   1.        
 27.36457341  26.90242033   1.        
 24.97819554  24.85197264   1.        
 25.03765489  25.75843697   1.        
 24.94774376  24.57759467   1.        
 24.53346983  25.28259533   1.        
 24.50040539  24.86242248   1.        
