 46.72627441  46.07399331  -1.        
 46.20993856  45.28729662  -1.        
 46.16053255  45.3990277   -1.        
 45.80456416  45.80619768  -1.        
 45.53670706  46.6912349   -1.        
 46.65315065  45.75833344  -1.        
 47.02302196  45.81573909  -1.        
 45.56178308  46.1540819   -1.        
 45.374307    45.97916454  -1.        
 46.38930723  46.74552673  -1.        
 46.15444906  46.792103    -1.        
 45.74271987  45.93474502  -1.        
 45.90535602  46.61258879  -1.        
 45.82306955  45.88413304  -1.        
 45.67911171  45.95220334  -1.        
 46.48501229  45.03415711  -1.        
 46.31582491  46.79464982  -1.        
 45.39850485  46.79925155  -1.        
 45.43917576  44.94076355  -1.        
 45.74730436  45.82657558  -1.        
 46.17782543  46.23691621  -1.        
 45.67455303  46.74262664  -1.        
 46.7390899   46.02917535  -1.        
 45.95731929  46.47348172  -1.        
 45.05192426  45.1816194   -1.        
 46.46668382  45.19754797  -1.        
 45.09407965  45.72182491  -1.        
 45.84023589  46.4712114   -1.        
 46.07721915  45.09071818  -1.        
 46.44178353  46.13623937  -1.        
 46.22697831  45.9823445   -1.        
 46.99906708  45.86574456  -1.        
 46.06361222  45.23775057  -1.        
 45.87351447  46.5513573   -1.        
 45.87301802  45.04506557  -1.        
 44.98063555  45.97463431  -1.        
 45.64366287  46.60875928  -1.        
 45.98026196  46.16261512  -1.        
 45.75588743  45.06302834  -1.        
 46.12471805  46.47149398  -1.        
 45.66335525  46.50856595  -1.        
 46.71233928  46.07679825  -1.        
 46.00146411  46.41645375  -1.        
 46.65646743  46.40797552  -1.        
 45.40544088  46.71627903  -1.        
 47.38047122  48.48815075  -1.        
 48.30617069  48.34448743  -1.        
 48.06189702  47.68685274  -1.        
 48.43076228  47.92787334  -1.        
 47.7301079   47.81504567  -1.        
 47.42181504  48.39083921   1.        
 47.28086192  48.18824738   1.        
 48.53301236  48.53215272   1.        
 47.44910907  47.84975044   1.        
 48.84673216  48.02105189   1.        
 48.04013218  48.45585366   1.        
 48.1529179   48.35359371   1.        
 48.28521916  47.7755886    1.        
 48.65052028  47.58340883   1.        
 48.66391921  47.56739592   1.        
 47.67373613  48.47419715   1.        
 47.89721416  48.52669752   1.        
 48.06655388  48.51701562   1.        
 47.57498992  47.49932263   1.        
 48.31715986  48.08210427   1.        
 48.35099647  47.2447275    1.        
 48.71685733  47.4366202    1.        
 48.22141     47.77151962   1.        
 47.98929279  48.75612844   1.        
 47.73355393  48.13083359   1.        
 47.27748486  47.46990015   1.        
 48.0571454   48.10882143   1.        
 47.53460437  47.78538531   1.        
 47.75582026  48.68137022   1.        
 48.10636957  47.92081252   1.        
 47.39824529  48.17835993   1.        
 47.57209236  48.37862675   1.        
 48.45420446  48.74492385   1.        
 47.89642878  47.47200564   1.        
 48.51314717  48.73050196   1.        
 47.96016903  47.09401392   1.        
 47.45449115  48.08901926   1.        
 48.06636504  47.50863325   1.        
 47.58888746  48.56641069   1.        
 48.5912833   48.38297489   1.        
 48.08259799  46.78434639   1.        
 47.79743119  47.30217354   1.        
 47.16088082  47.38710151   1.        
 47.69127324  48.17711182   1.        
 47.95704886  48.56361084   1.        
 47.62676485  48.40380934   1.        
 47.45784535  47.22467132   1.        
 48.66116026  48.82308641   1.        
 48.45828854  48.33230655   1.        
 47.69802376  48.42335083   1.        
 46.98584243  46.69551217   1.        
 46.08627791  45.63220874   1.        
 45.91641579  45.40918507   1.        
 45.91116953  44.89779661   1.        
 46.21202988  45.83532172   1.        
