 77.3872272   77.14776755  -1.        
 76.71554528  77.35547662  -1.        
 77.59825605  77.26903201  -1.        
 77.29127911  77.32277215  -1.        
 76.39728059  78.21292986  -1.        
 77.93659837  77.77690641  -1.        
 77.20107631  77.98391901  -1.        
 77.54240439  77.76080512  -1.        
 77.5410764   77.60817194  -1.        
 77.22373275  78.0364845   -1.        
 78.15576965  78.44940247  -1.        
 77.41635375  76.76552782  -1.        
 77.46301092  77.6914512   -1.        
 77.42761882  78.26017772  -1.        
 77.73889856  77.57545118  -1.        
 77.72085294  78.20180891  -1.        
 77.00231716  76.37262477  -1.        
 77.96950302  77.61165281  -1.        
 78.44505997  77.48923227  -1.        
 77.39668469  78.34299739  -1.        
 77.4085581   76.76258663  -1.        
 77.59896132  77.66659945  -1.        
 77.04407164  77.63898736  -1.        
 77.85266481  77.16608016  -1.        
 78.05548905  77.20887875  -1.        
 76.90910473  77.82850158  -1.        
 77.70716557  77.7609102   -1.        
 76.74878107  77.57969224  -1.        
 77.90943149  78.32171699  -1.        
 77.05266506  77.67615766  -1.        
 78.17074749  78.25593431  -1.        
 78.08332752  78.02266567  -1.        
 77.26091015  77.29312582  -1.        
 77.48262205  76.93956811  -1.        
 77.63402641  78.58303908  -1.        
 77.29588592  78.06544249  -1.        
 77.68499259  78.25905935  -1.        
 77.60580935  77.70701142  -1.        
 77.1169233   76.99183298  -1.        
 77.14074804  76.86647138  -1.        
 77.94793369  77.36841068  -1.        
 76.71800987  77.53493856  -1.        
 76.80267582  77.79982509  -1.        
 77.40657223  77.78450076  -1.        
 77.56275458  77.00960237  -1.        
 79.93136414  79.851309    -1.        
 79.94875192  79.6568186   -1.        
 80.28562696  78.84988466  -1.        
 79.95629799  79.84302966  -1.        
 79.51321623  79.66382945  -1.        
 79.62004087  79.84495381   1.        
 78.72421951  79.3522999    1.        
 79.59991818  78.59545108   1.        
 78.96074182  79.704165     1.        
 79.20923119  79.00702505   1.        
 79.67062818  79.47722697   1.        
 80.1770856   80.00200018   1.        
 78.67128905  80.39820394   1.        
 79.53517095  79.17593714   1.        
 79.00267085  79.35640598   1.        
 79.54157    79.3621895   1.       
 79.11723235  79.08871199   1.        
 78.77127124  80.6510714    1.        
 79.50166696  80.05238852   1.        
 79.71551765  78.68443537   1.        
 79.682897    79.00684382   1.        
 78.60627964  79.56655018   1.        
 79.85261493  79.69679897   1.        
 78.69291007  80.30565062   1.        
 80.35553644  79.73737629   1.        
 79.80924889  78.62144451   1.        
 79.94522547  79.64648256   1.        
 79.49966723  79.52432208   1.        
 79.712299    78.99686136   1.        
 79.14290656  79.5554134    1.        
 79.15924337  78.60872295   1.        
 78.59438469  78.6467446    1.        
 80.44924167  79.77052206   1.        
 79.15824474  78.78911431   1.        
 79.83089447  79.67337816   1.        
 79.58472846  79.84908889   1.        
 79.19606684  79.57788928   1.        
 80.14023303  79.582669     1.        
 79.04933457  80.17615496   1.        
 79.76503885  79.67097115   1.        
 79.03309275  78.97544541   1.        
 80.08814754  79.78443853   1.        
 78.95195388  80.02682849   1.        
 79.10289524  80.44967547   1.        
 79.47158264  80.13328487   1.        
 79.81212806  79.90538938   1.        
 79.00431324  79.81456952   1.        
 79.47730478  79.25141304   1.        
 80.32207161  79.328105     1.        
 79.03008916  79.41048367   1.        
 77.82614285  77.31757679   1.        
 77.6800768   77.79835768   1.        
 77.5231313   77.01353936   1.        
 78.16826484  76.0201793    1.        
 76.63699183  77.22230811   1.        
