 38.63566529  38.50257061  -1.        
 38.45320224  38.31440293  -1.        
 38.35991974  38.04355205  -1.        
 37.95317329  38.51357488  -1.        
 38.54287856  38.76336038  -1.        
 37.74147343  38.06397668  -1.        
 39.25236434  39.33695171  -1.        
 37.8843132   38.99339715  -1.        
 38.8845678   37.67842812  -1.        
 38.37905675  38.89672467  -1.        
 38.10031055  39.53318763  -1.        
 38.67628646  38.73951213  -1.        
 38.53466909  39.00574672  -1.        
 39.89924616  39.50852794  -1.        
 38.84029358  38.75963889  -1.        
 38.99738597  38.02354852  -1.        
 38.31586436  38.2946323   -1.        
 38.32577457  39.07637592  -1.        
 38.82652445  37.93034362  -1.        
 38.78505803  38.11027573  -1.        
 38.50489863  38.78176497  -1.        
 38.75926755  38.99115506  -1.        
 39.10006764  39.15083748  -1.        
 37.65373587  38.63922407  -1.        
 38.44843133  38.15678929  -1.        
 39.16189975  38.00126002  -1.        
 38.12096184  38.21561054  -1.        
 38.76035147  39.38432649  -1.        
 38.27937865  38.72020753  -1.        
 39.01817278  38.87997975  -1.        
 38.54855715  38.34768766  -1.        
 38.68815636  38.98188328  -1.        
 38.76433304  38.15099919  -1.        
 38.69130058  38.96030285  -1.        
 38.62176573  38.48054966  -1.        
 37.99835962  38.07250161  -1.        
 38.24830861  38.44976231  -1.        
 38.89937831  38.77738335  -1.        
 38.50913733  38.622273    -1.        
 38.91154079  38.74371896  -1.        
 38.4517748   38.45630114  -1.        
 38.47499197  38.61480581  -1.        
 38.45944635  39.79862488  -1.        
 38.60376405  38.10456237  -1.        
 38.87256302  38.50382473  -1.        
 41.08228581  40.20397669  -1.        
 41.21093716  40.32171713  -1.        
 41.15210688  41.46682102  -1.        
 41.19479592  40.0271403   -1.        
 40.83868125  40.56084916  -1.        
 40.39885626  41.13816113   1.        
 39.33454244  41.17504337   1.        
 40.81316098  40.31147659   1.        
 40.40770723  41.21552832   1.        
 40.95106646  39.88257172   1.        
 40.79642378  39.916408     1.        
 39.6947558  40.4991862   1.       
 39.35518229  40.35973102   1.        
 40.35838492  40.80717308   1.        
 40.82575678  40.81736264   1.        
 41.18401153  40.96096943   1.        
 39.78521698  40.43452777   1.        
 41.31452075  40.99761697   1.        
 39.59915215  40.65426198   1.        
 40.01145142  40.39969502   1.        
 40.15099807  40.47809636   1.        
 40.72284518  41.61130561   1.        
 40.90265936  39.89817169   1.        
 39.49968006  40.09077245   1.        
 40.29529791  40.56585824   1.        
 40.4673003   40.20563642   1.        
 40.92509274  40.35804132   1.        
 40.00000478  40.75767187   1.        
 41.55154881  39.6384649    1.        
 40.37197036  40.2925061    1.        
 40.60388248  41.68925061   1.        
 41.02482336  39.75587536   1.        
 40.43878809  39.88506807   1.        
 40.96008117  39.79317758   1.        
 40.29486755  41.07544687   1.        
 39.96541282  41.57761473   1.        
 40.11817507  41.38946289   1.        
 40.64199648  41.00520616   1.        
 40.96663081  40.99332197   1.        
 40.61678474  40.69970182   1.        
 39.63274818  40.82902043   1.        
 40.41179936  40.77065595   1.        
 39.82203382  40.98945131   1.        
 40.08667548  40.10178712   1.        
 41.31135715  40.67294978   1.        
 40.00193269  39.89578159   1.        
 40.88853182  40.05143726   1.        
 40.76013937  40.6045397    1.        
 41.28926032  40.2389117    1.        
 39.68007659  39.59264858   1.        
 38.29450869  38.30350635   1.        
 38.81557922  38.65692493   1.        
 38.10919971  39.05813883   1.        
 38.09801729  39.39000937   1.        
 38.77629768  38.75213409   1.        
