 11.15445224  10.33138773  -1.        
  9.1236866   10.08938756  -1.        
 10.06831428  11.09970544  -1.        
  9.87188268  10.36601125  -1.        
 10.90418859   9.70906432  -1.        
 9.32724284  9.11695501 -1.        
  9.80620977  11.04162318  -1.        
 10.48890114   9.67069438  -1.        
 10.68422312   9.58871683  -1.        
 10.16109449   9.83084707  -1.        
 10.16888266  10.56525383  -1.        
 9.92612205  9.1880933  -1.        
  9.1228531   10.06080113  -1.        
  9.91154429  10.28664645  -1.        
 10.54437834   9.83372021  -1.        
 10.02744056  10.1602892   -1.        
 10.61439495  10.24977254  -1.        
 10.54819605  10.82396449  -1.        
 10.02909868  10.95096044  -1.        
 9.85675591  9.60199628 -1.        
 10.06440558  10.01511528  -1.        
 10.56802073  10.47047078  -1.        
  9.19307296  10.00449328  -1.        
 9.98169909  9.96912787 -1.        
 10.29441326  10.60822396  -1.        
 9.99870603  9.70773578 -1.        
 10.88906216  10.23191878  -1.        
 9.57765564  9.69295279 -1.        
  9.45410007  10.00481042  -1.        
  9.60325498  10.21883213  -1.        
 10.22829059   8.78608981  -1.        
 10.2622303    9.42002509  -1.        
 9.27916985  9.51023679 -1.        
 10.23410113   9.93266856  -1.        
 10.0408499   10.31061088  -1.        
 9.80177773  9.99472223 -1.        
 10.87456112   9.73547492  -1.        
  9.52501234  10.09448159  -1.        
 9.49089542  9.12341837 -1.        
 10.34164932  10.25107302  -1.        
 10.4211702   10.27527884  -1.        
 9.97369639  9.89540988 -1.        
  9.62221305  10.12914262  -1.        
 10.27782601   9.32445952  -1.        
 10.95626881  10.17017036  -1.        
 12.26878744  12.01305069  -1.        
 12.59215273  12.29955491  -1.        
 12.44635538  11.65988514  -1.        
 11.12257727  11.531739    -1.        
 12.517947    12.73663142  -1.        
 12.28510541  11.18460096   1.        
 12.30041113  12.07046165   1.        
 11.0202871   11.69901021   1.        
 11.87904338  12.42542154   1.        
 12.06899825  12.16704166   1.        
 11.68927745  11.62147025   1.        
 11.71685249  13.15049723   1.        
 11.91514352  11.0979297    1.        
 11.91049447  13.08911372   1.        
 11.72038946  12.44720679   1.        
 12.10025197  12.06095916   1.        
 12.18965288  11.40410988   1.        
 11.56185245  12.07616845   1.        
 11.39811487  11.21701435   1.        
 12.07119748  12.6181817    1.        
 11.44130709  12.01118894   1.        
 11.31621468  11.48068424   1.        
 12.23806487  12.18351638   1.        
 12.60323785  12.20470291   1.        
 11.30076321  12.17468399   1.        
 11.22545776  11.5254293    1.        
 11.66591062  12.38511201   1.        
 11.34675506  11.79518885   1.        
 12.57680404  12.12491891   1.        
 11.61098192  11.87952378   1.        
 12.14788771  11.60125168   1.        
 12.24181373  11.90575743   1.        
 12.39087035  11.70142742   1.        
 13.53263029  12.63384221   1.        
 10.81550489  11.62323988   1.        
 12.72302722  12.02263116   1.        
 12.36212022  11.37103816   1.        
 12.06753715  11.6627483    1.        
 11.16979112  12.29776178   1.        
 12.46653397  11.02547241   1.        
 11.89908868  11.71082478   1.        
 12.47441612  12.10408103   1.        
 12.50019554  12.48424537   1.        
 12.31242869  11.86745252   1.        
 11.91444755  11.98326365   1.        
 11.94515561  10.9091319    1.        
 11.43274805  11.93839189   1.        
 11.58095073  12.81912818   1.        
 12.88883305  12.29821993   1.        
 12.25638654  12.19114314   1.        
 9.15545479  9.64195529  1.        
 11.12999512   9.98782392   1.        
 10.04368793  10.0634091    1.        
 10.09415036   9.61163284   1.        
 10.01498714  11.07276897   1.        
