 32.6635939   32.12034046  -1.        
 32.63003738  32.25451549  -1.        
 32.36228102  32.80688393  -1.        
 33.36795586  32.31851953  -1.        
 31.88467188  33.19627943  -1.        
 32.66181512  31.84511598  -1.        
 32.6603838   32.20762897  -1.        
 32.04921714  32.6064242   -1.        
 32.74415588  32.67910143  -1.        
 32.10741462  32.71162321  -1.        
 32.31702116  32.15786489  -1.        
 32.32391802  32.45314343  -1.        
 33.46083622  32.96882897  -1.        
 32.25365137  32.29805483  -1.        
 32.14005019  32.39001694  -1.        
 32.62930572  32.42278734  -1.        
 31.89544368  32.46318887  -1.        
 31.92318311  32.63562465  -1.        
 32.60951556  33.07395141  -1.        
 32.7570348   32.68501091  -1.        
 32.74765668  32.346432    -1.        
 31.90382786  32.88422618  -1.        
 33.49420323  32.04032849  -1.        
 32.49340684  31.98375933  -1.        
 33.26741201  33.08524802  -1.        
 32.80916965  33.32212921  -1.        
 32.7636327  32.0757882  -1.       
 32.08886675  32.84477523  -1.        
 33.37400493  32.56989816  -1.        
 32.75804872  32.7245311   -1.        
 32.19848505  32.37508109  -1.        
 33.31364479  33.35988732  -1.        
 33.15217266  32.34556359  -1.        
 32.56584391  33.30404349  -1.        
 31.95430678  33.01361687  -1.        
 33.35009213  32.99321276  -1.        
 32.55096045  32.5918206   -1.        
 32.76151586  32.06317315  -1.        
 33.26920238  32.37305845  -1.        
 31.77481077  32.62512341  -1.        
 32.10559696  32.20423152  -1.        
 31.82297962  33.23392227  -1.        
 32.04575339  31.22207358  -1.        
 33.78795116  32.02151435  -1.        
 31.18347573  32.35529693  -1.        
 33.99682183  34.72900314  -1.        
 34.12419709  34.11565173  -1.        
 34.83947619  34.22198022  -1.        
 34.24761885  34.75902258  -1.        
 34.12745537  34.81260704  -1.        
 34.84116762  34.49444119   1.        
 34.22871342  35.06428084   1.        
 35.05772898  35.28456986   1.        
 35.14045389  34.1177575    1.        
 33.63437858  34.36008806   1.        
 34.23841924  34.22819965   1.        
 34.17005187  34.9396083    1.        
 33.77512307  34.77689834   1.        
 33.88233645  35.30202563   1.        
 34.40391141  33.77323999   1.        
 34.97691865  34.60226191   1.        
 34.77495331  34.71582857   1.        
 33.88081945  34.75085305   1.        
 35.08855223  33.75347395   1.        
 35.34188438  34.50724425   1.        
 34.84088639  34.07256693   1.        
 35.47740029  34.87368648   1.        
 34.73523618  33.83631814   1.        
 34.33316951  33.98304686   1.        
 34.68781638  34.1209607    1.        
 35.14464647  34.42276513   1.        
 34.86912654  34.53544093   1.        
 33.35778913  34.59616972   1.        
 34.57016574  34.25327302   1.        
 34.27298081  34.16208958   1.        
 34.58932417  34.15889339   1.        
 33.91317056  34.79673988   1.        
 34.16674147  34.15018814   1.        
 34.29781604  35.01514759   1.        
 34.96536962  34.86010336   1.        
 35.0722236   33.81919712   1.        
 34.33107509  33.29982003   1.        
 34.77093211  34.98045446   1.        
 34.79527756  34.463122     1.        
 33.55520012  34.11907511   1.        
 34.13632942  34.22771361   1.        
 34.54418966  34.74019853   1.        
 33.81237405  35.05962584   1.        
 35.0793037   34.87178758   1.        
 34.58617737  35.51946528   1.        
 34.95597409  34.10119101   1.        
 34.77117704  33.25895782   1.        
 35.15112897  34.44339621   1.        
 34.44351499  34.89443633   1.        
 33.68331788  35.43098777   1.        
 31.87674767  31.52330716   1.        
 32.30914503  31.82259283   1.        
 32.9541207   32.64345782   1.        
 33.29226004  32.98090478   1.        
 33.05636091  32.51786771   1.        
