 89.04743905  89.30735653  -1.        
 89.63644638  90.17160507  -1.        
 90.03898682  88.82600849  -1.        
 89.29875755  89.64637986  -1.        
 88.55858928  89.85020975  -1.        
 89.40953587  89.54917765  -1.        
 90.58131236  89.4564185   -1.        
 90.29872705  90.12236643  -1.        
 90.38343761  90.02006965  -1.        
 89.86997476  91.21211633  -1.        
 88.66671207  89.51421515  -1.        
 89.89896235  88.50659966  -1.        
 89.72776114  89.79385139  -1.        
 89.60842603  89.6584498   -1.        
 90.23254259  89.03101338  -1.        
 90.16555633  88.25685419  -1.        
 89.04615045  90.1725928   -1.        
 89.44346936  89.08064415  -1.        
 89.27924899  89.04696007  -1.        
 90.42049992  89.57160745  -1.        
 89.09757255  90.30796628  -1.        
 89.3489933   89.41246522  -1.        
 89.82088273  89.64792398  -1.        
 90.14364074  89.13090308  -1.        
 90.14374646  89.67852995  -1.        
 89.2950385   89.39360946  -1.        
 89.04873549  88.90557885  -1.        
 88.76370048  90.21804404  -1.        
 89.36082053  89.89598553  -1.        
 89.23232908  89.6591535   -1.        
 89.92703296  89.33878772  -1.        
 89.74997596  89.64854325  -1.        
 89.91385647  89.1141502   -1.        
 89.11392877  89.38647634  -1.        
 88.87525253  89.4937797   -1.        
 90.614966   89.2401875  -1.       
 89.27956964  89.26799703  -1.        
 89.59656614  89.37378888  -1.        
 89.73129748  89.87734487  -1.        
 89.34071706  90.33401234  -1.        
 90.40641179  88.66643112  -1.        
 89.6039188   89.40053135  -1.        
 88.45896018  89.29867315  -1.        
 89.31219605  89.87313867  -1.        
 89.10065668  90.04935162  -1.        
 91.33103217  90.44696303  -1.        
 91.38295313  91.76369737  -1.        
 91.50700428  91.8708059   -1.        
 90.61982513  91.40629655  -1.        
 91.97811847  91.38479127  -1.        
 91.41590632  91.06538014   1.        
 91.72993238  90.9593082    1.        
 92.29820992  91.64815367   1.        
 92.26543864  91.48216385   1.        
 90.7242083   91.53082869   1.        
 91.56700487  91.65293163   1.        
 91.20728755  91.15970326   1.        
 91.25226651  91.99974024   1.        
 91.36155394  91.79983324   1.        
 91.35138173  90.94773641   1.        
 91.57489242  91.35795131   1.        
 90.75266595  91.84023314   1.        
 91.48624509  91.76872642   1.        
 91.16723371  92.14303079   1.        
 91.89633924  91.37480014   1.        
 90.92864639  92.05281589   1.        
 91.50232216  90.8307498    1.        
 90.80336042  90.8794636    1.        
 91.51793057  91.6077012    1.        
 91.93918793  91.76392692   1.        
 92.05887385  91.13646125   1.        
 90.91888207  92.78078338   1.        
 91.44519359  91.71220488   1.        
 91.52177134  91.57310939   1.        
 91.25892288  92.2144299    1.        
 90.33402069  91.62206649   1.        
 91.81843896  91.241094     1.        
 91.5429775  91.7851953   1.       
 90.40982804  91.75989472   1.        
 90.76489034  91.59581327   1.        
 91.64625973  90.77983286   1.        
 92.02134228  90.89299981   1.        
 91.43209545  91.32395877   1.        
 91.74147011  91.33598735   1.        
 90.97428358  90.33731565   1.        
 91.97027431  91.40283646   1.        
 91.74935759  91.26667034   1.        
 91.74031034  92.80356119   1.        
 92.12763489  90.71739352   1.        
 90.98169706  91.34819832   1.        
 92.06065438  91.00914026   1.        
 91.64615176  92.26646046   1.        
 91.49578506  92.31143667   1.        
 91.38996152  91.63585704   1.        
 92.64561352  91.07159472   1.        
 89.33329258  89.54131387   1.        
 89.86696807  88.47488565   1.        
 89.65108558  89.23385623   1.        
 89.54704429  89.81192433   1.        
 89.59758207  89.04211968   1.        
