 18.78848319  19.05466721  -1.        
 18.51454662  18.37879382  -1.        
 18.68442063  18.9791593   -1.        
 19.93654044  19.45849047  -1.        
 18.75356085  19.40735225  -1.        
 18.90951561  19.16221677  -1.        
 18.96241638  19.22558369  -1.        
 19.94724651  19.35349834  -1.        
 19.74234978  19.41857168  -1.        
 19.57348767  18.70990386  -1.        
 18.93283315  19.21120722  -1.        
 19.04298782  19.2010788   -1.        
 19.38119677  17.43453424  -1.        
 19.27122076  19.12773613  -1.        
 19.54494549  18.53523993  -1.        
 18.63709914  19.21681698  -1.        
 19.32345664  19.09807071  -1.        
 19.3939118  19.3870815  -1.       
 18.91078982  18.52736243  -1.        
 17.9363489   18.67865597  -1.        
 19.20415866  19.1542272   -1.        
 18.22469743  18.82134823  -1.        
 18.63331939  19.35727926  -1.        
 19.04170162  18.68803666  -1.        
 19.11941952  19.16308043  -1.        
 19.33872031  18.74914314  -1.        
 19.31304288  19.16158385  -1.        
 16.99609231  19.4839342   -1.        
 18.81521618  18.89835146  -1.        
 19.18174728  18.8851168   -1.        
 18.27175435  18.91689013  -1.        
 18.51095368  19.33721361  -1.        
 19.59511346  18.83577388  -1.        
 19.29281122  18.85558303  -1.        
 19.25449978  19.25419333  -1.        
 20.37154325  18.79117634  -1.        
 18.68598298  19.76220801  -1.        
 18.91952456  20.39955117  -1.        
 19.36667112  19.19626758  -1.        
 18.70774592  19.40888861  -1.        
 18.9231604   19.28185507  -1.        
 19.6110865   19.72984461  -1.        
 18.74539839  18.91563681  -1.        
 18.83726407  18.81946217  -1.        
 19.66683113  18.68292909  -1.        
 21.61998376  21.41339886  -1.        
 21.58995702  22.10465414  -1.        
 21.67798736  21.01444014  -1.        
 20.28637822  20.25310148  -1.        
 21.72768193  21.15133416  -1.        
 22.08511372  21.13877003   1.        
 21.44563029  20.87094344   1.        
 20.97702089  21.17269973   1.        
 22.02062486  21.44129649   1.        
 21.76654832  21.013322     1.        
 21.42213208  20.65787239   1.        
 21.76155228  21.58691371   1.        
 20.26120087  20.84763166   1.        
 21.04664831  22.23017025   1.        
 20.86161904  21.16984989   1.        
 21.22098051  21.4452149    1.        
 20.24941045  20.59429381   1.        
 21.36153343  20.78905312   1.        
 20.83180751  21.89380973   1.        
 20.58110415  21.06545345   1.        
 20.51786048  20.90343167   1.        
 21.88655585  20.95684807   1.        
 19.87968266  21.7501644    1.        
 20.63207208  21.35839037   1.        
 21.43756544  21.34046116   1.        
 20.51288343  20.90641405   1.        
 21.30911365  21.45362095   1.        
 20.73814862  20.72728511   1.        
 20.88973764  20.75962025   1.        
 21.71088509  21.36450181   1.        
 21.62547961  21.82070452   1.        
 21.29251254  21.3947863    1.        
 20.7745525   21.47343367   1.        
 21.18737785  20.87565038   1.        
 20.86120028  20.244154     1.        
 20.64066443  21.00245201   1.        
 21.83428929  20.52423228   1.        
 20.90053686  20.14022279   1.        
 20.71441282  21.66993693   1.        
 21.27620664  20.65907846   1.        
 21.16556402  21.43696352   1.        
 20.81344401  22.19299916   1.        
 20.62139195  21.07794515   1.        
 21.22207527  21.3149643    1.        
 20.47769176  20.74337083   1.        
 21.73873588  21.23243879   1.        
 19.48499967  20.20067085   1.        
 20.7430004   21.40569355   1.        
 20.67275845  21.43441668   1.        
 20.47134023  20.92400926   1.        
 18.84713    18.3324286   1.       
 19.0265004   19.46855864   1.        
 19.83797587  18.59729991   1.        
 19.04407383  19.12532163   1.        
 18.44804983  18.92246381   1.        
