 146.20541541  145.65000995   -1.        
 146.36770592  146.28779983   -1.        
 145.67407213  146.12758491   -1.        
 146.29644294  146.5058999    -1.        
 146.32884744  145.72484107   -1.        
 146.43926374  146.27256504   -1.        
 147.12902241  145.841852     -1.        
 146.72074563  145.91825165   -1.        
 146.10537747  145.64797304   -1.        
 146.70311502  146.34387118   -1.        
 146.26063303  147.58313365   -1.        
 146.72658541  146.51129729   -1.        
 146.49091215  146.03449586   -1.        
 146.88747013  147.65134865   -1.        
 146.62949778  146.39852861   -1.        
 146.17907123  146.48006415   -1.        
 146.2233617   146.63433252   -1.        
 146.11291622  145.79045513   -1.        
 146.20568271  146.40170524   -1.        
 146.2043228   146.49353812   -1.        
 146.9638563   146.66966164   -1.        
 146.64741985  146.81981967   -1.        
 146.75209417  146.29341748   -1.        
 146.68150207  147.55151455   -1.        
 146.62509566  146.69073218   -1.        
 146.8233981   146.53162943   -1.        
 146.54852035  146.5802515    -1.        
 145.66497659  146.37565362   -1.        
 146.44807511  146.56796007   -1.        
 146.26095029  147.24052311   -1.        
 146.2873112   145.21702755   -1.        
 147.11631489  146.75562152   -1.        
 145.84361206  146.98814226   -1.        
 147.11276652  147.15942142   -1.        
 147.74728018  145.82579699   -1.        
 146.31137806  146.94794121   -1.        
 146.74512712  145.81415507   -1.        
 146.49044961  146.02517272   -1.        
 147.71198633  146.46855752   -1.        
 146.57987447  146.09844073   -1.        
 146.59835238  148.29298096   -1.        
 146.13739426  146.64715033   -1.        
 147.31432936  145.65562398   -1.        
 146.63760944  146.62178763   -1.        
 146.6140439   146.62363789   -1.        
 148.59298198  147.99986517   -1.        
 149.05974216  148.23985806   -1.        
 148.67306904  148.3849456    -1.        
 148.58776096  149.21732298   -1.        
 147.99673179  148.74368944   -1.        
 148.96340645  148.34797454    1.        
 148.51468468  147.8337277     1.        
 148.43527882  147.83190049    1.        
 148.16460386  148.38685932    1.        
 149.44778512  149.222727      1.        
 149.03215476  148.46775366    1.        
 148.62931584  148.79540532    1.        
 148.18616496  148.27295081    1.        
 149.35179547  147.69599572    1.        
 148.62989125  148.39827172    1.        
 149.26812786  149.4519264     1.        
 149.15549004  148.86130083    1.        
 149.11583973  148.96933201    1.        
 149.24366646  148.95451493    1.        
 149.32463386  148.66898247    1.        
 147.82442654  148.00608415    1.        
 148.15908545  148.51374268    1.        
 148.29261128  148.72246886    1.        
 148.98409267  149.47832803    1.        
 148.15478965  148.93742545    1.        
 148.54231663  149.35379596    1.        
 148.02277405  148.8095579     1.        
 148.07881213  149.06190555    1.        
 148.84784992  148.64967709    1.        
 148.47268649  147.88251795    1.        
 148.83075356  148.88794401    1.        
 148.55250067  148.28209283    1.        
 147.7313265   147.66743058    1.        
 147.81655335  149.60247767    1.        
 148.71985075  147.67699923    1.        
 148.60603161  148.66315136    1.        
 148.74157308  148.32142473    1.        
 149.25976239  148.7218843     1.        
 148.77685489  149.18790271    1.        
 148.4588081   147.53342464    1.        
 148.36066855  148.27470848    1.        
 148.22319483  149.54437385    1.        
 148.31133382  148.26971884    1.        
 148.45008225  148.28822801    1.        
 148.53827291  148.13670889    1.        
 149.11900189  148.63851291    1.        
 148.74688894  149.29794564    1.        
 149.22037288  148.02676521    1.        
 148.41068972  148.13112162    1.        
 149.00685098  148.04336168    1.        
 146.98807238  146.54996324    1.        
 145.83358237  147.47786283    1.        
 146.643406    145.99819656    1.        
 147.02293545  147.28770695    1.        
 145.87389007  146.60911707    1.        
