 97.85093055  96.94537931  -1.        
 97.38667373  96.75264808  -1.        
 96.34002708  96.7655933   -1.        
 97.61386996  96.686307    -1.        
 96.39483415  96.74906329  -1.        
 96.9289966  97.3096853  -1.       
 95.81619001  97.37326767  -1.        
 96.83324073  97.2117982   -1.        
 97.78950316  96.35530301  -1.        
 96.4054182   96.22604874  -1.        
 96.69852133  96.90061683  -1.        
 96.91646228  97.62061635  -1.        
 97.36633964  96.42197     -1.        
 97.19870033  96.22211717  -1.        
 97.22184983  96.8522604   -1.        
 97.13567666  96.80669558  -1.        
 97.16487337  97.27220167  -1.        
 97.53067464  98.2659166   -1.        
 96.47605846  97.08536867  -1.        
 95.79475346  96.86342463  -1.        
 97.02414473  96.29778598  -1.        
 96.9998397   96.32314739  -1.        
 97.2736869  97.3850776  -1.       
 96.95745435  96.67419369  -1.        
 97.30998235  96.94517493  -1.        
 97.26034326  96.7907553   -1.        
 97.14009989  96.77837131  -1.        
 96.52386919  96.91739986  -1.        
 97.50873637  96.51061524  -1.        
 96.83113815  97.2794915   -1.        
 97.25534187  96.93500852  -1.        
 97.03444666  97.21709395  -1.        
 97.50561749  96.85555482  -1.        
 96.67704151  96.89665307  -1.        
 97.71034071  97.15737592  -1.        
 96.95586672  97.03106097  -1.        
 96.9344559   96.34213016  -1.        
 96.56424322  97.14591497  -1.        
 97.51269127  97.16161249  -1.        
 96.73962208  97.52619705  -1.        
 97.04018755  96.73581196  -1.        
 97.11940054  97.62377543  -1.        
 97.08959521  97.78663375  -1.        
 97.37966595  96.33487612  -1.        
 97.20879784  97.21649763  -1.        
 98.69870374  99.27378772  -1.        
 98.89954304  99.53166865  -1.        
 99.17467211  99.90774498  -1.        
 98.63142561  99.44719373  -1.        
 98.31885507  98.39858987  -1.        
 99.06264302  99.09286897   1.        
 98.2872115   98.81967973   1.        
 98.99049167  99.5708832    1.        
 99.16586088  98.60736853   1.        
 99.71421951  99.0093441    1.        
 98.84020628  98.4917327    1.        
 98.35901124  98.78232765   1.        
 99.20601659  99.35629086   1.        
 98.77174611  99.30105847   1.        
 99.26793883  98.97961909   1.        
 98.51492448  98.55116031   1.        
 98.62659189  99.97696916   1.        
 98.91972777  98.8802187    1.        
 98.8570199   99.56978055   1.        
 98.62357811  99.06172573   1.        
 98.87897749  99.02674603   1.        
 98.14262239  99.08139889   1.        
 99.46096261  98.88973036   1.        
 99.20380472  99.78346677   1.        
 99.58639779  98.78352856   1.        
 98.72503738  98.88598866   1.        
 98.83608114  99.43975834   1.        
 98.95372198  98.28279705   1.        
 99.36874405  98.11097751   1.        
 98.57415731  99.6207976    1.        
 99.07327238  98.35662067   1.        
 99.32889796  98.84900861   1.        
 98.74792043  98.16252061   1.        
 99.01082049  98.75537075   1.        
 98.77090009  98.87572047   1.        
 99.85791909  99.18996352   1.        
 98.7405242   98.86869942   1.        
 98.68620841  98.73775486   1.        
 98.83804893  98.83335806   1.        
 98.84804538  98.02094635   1.        
 99.07986434  99.17601443   1.        
 98.74078906  98.62728481   1.        
 98.74028244  98.41321645   1.        
 99.20601528  99.83065006   1.        
 99.45849949  99.02812112   1.        
 100.10479802   98.67209928    1.        
 98.75666954  98.41736698   1.        
 99.22383329  99.47833847   1.        
 98.67315601  98.46267903   1.        
 98.18800077  99.56289296   1.        
 96.71949105  97.13441308   1.        
 96.92350556  96.40749751   1.        
 96.95232906  96.42788822   1.        
 95.64286208  95.97357599   1.        
 96.74699881  97.38925823   1.        
