 15.04660374  13.72549867  -1.        
 14.48810411  14.21375235  -1.        
 14.27389027  15.05421357  -1.        
 14.40061004  14.91578151  -1.        
 14.29310893  14.08326554  -1.        
 14.77235702  14.11002685  -1.        
 13.86047866  14.42753872  -1.        
 14.96823481  14.32399324  -1.        
 14.20403374  13.84670286  -1.        
 15.0722832   14.01027346  -1.        
 15.3505811   14.71412332  -1.        
 14.93041586  13.90353801  -1.        
 13.8153204   14.69076153  -1.        
 15.26238007  14.91089154  -1.        
 14.16980223  15.00749187  -1.        
 14.98101179  15.05037191  -1.        
 14.05474839  14.57033109  -1.        
 14.17609931  14.75626023  -1.        
 14.9700989   14.30287602  -1.        
 14.60396146  14.2621997   -1.        
 14.46808571  14.07383424  -1.        
 13.65890473  15.01241983  -1.        
 13.52127009  14.38995455  -1.        
 14.00258968  13.88001481  -1.        
 13.82182304  14.66045983  -1.        
 14.19784241  13.51473753  -1.        
 14.30686202  14.69339254  -1.        
 14.53354813  13.77658292  -1.        
 14.72605274  15.22203127  -1.        
 14.60533871  15.31081014  -1.        
 14.07998976  14.70779237  -1.        
 13.86452462  14.96877569  -1.        
 13.88355394  13.96289439  -1.        
 14.63167464  13.49423177  -1.        
 14.64135806  14.39957166  -1.        
 14.51872847  13.96814411  -1.        
 13.77614473  14.28927584  -1.        
 14.52153392  13.65534691  -1.        
 14.44563342  13.62608077  -1.        
 14.49235042  14.69359159  -1.        
 14.48077886  14.84587211  -1.        
 14.81425269  13.88595411  -1.        
 13.60964247  13.36156234  -1.        
 14.82174439  14.15689252  -1.        
 14.44161148  14.27885368  -1.        
 15.78724994  16.8667105   -1.        
 16.7968095   16.63758584  -1.        
 16.15479916  16.36833835  -1.        
 16.88706909  15.95243644  -1.        
 15.58094784  17.5976361   -1.        
 16.48677869  16.62515847   1.        
 16.66503776  16.42806484   1.        
 16.13462077  15.92514024   1.        
 17.07483155  16.00370146   1.        
 16.19189048  16.4018223    1.        
 16.00082827  16.53835264   1.        
 16.68901173  16.11969762   1.        
 17.52378291  16.52707201   1.        
 16.27370342  16.95470339   1.        
 16.67887212  16.51262082   1.        
 16.62869238  16.76765584   1.        
 16.00214907  15.40718109   1.        
 16.35452404  17.41895903   1.        
 17.01457879  16.98186212   1.        
 17.06636215  16.49039778   1.        
 15.47524753  15.97314251   1.        
 16.10074222  16.85586178   1.        
 16.92160005  16.56724255   1.        
 17.10029157  16.13727706   1.        
 16.05997153  15.99848984   1.        
 17.71988146  17.19792399   1.        
 16.07784823  16.49244504   1.        
 17.02669461  16.78335367   1.        
 16.31242065  17.0296916    1.        
 16.16349567  15.42147116   1.        
 16.52672724  16.54742537   1.        
 16.83085128  16.45108374   1.        
 16.70745169  16.89298636   1.        
 16.81115235  17.59690546   1.        
 16.84757026  17.05106521   1.        
 16.52227741  16.64947606   1.        
 17.12097708  16.20036429   1.        
 16.61173064  16.17400853   1.        
 17.1063163   16.82137609   1.        
 16.80402183  16.90361248   1.        
 17.76888635  16.33834589   1.        
 16.12294813  15.81007533   1.        
 17.04534273  16.63700574   1.        
 16.71468367  16.86703913   1.        
 17.06864862  16.48334671   1.        
 16.03340783  16.62884167   1.        
 16.20894265  16.18904193   1.        
 17.26308987  16.54802139   1.        
 15.94755197  16.00827122   1.        
 16.9013244   16.56687945   1.        
 14.55900544  14.25794857   1.        
 14.59053057  14.30483497   1.        
 14.03678338  14.24706974   1.        
 13.77924346  15.55360549   1.        
 14.78346266  15.01046131   1.        
