 141.31012599  140.81237025   -1.        
 140.79189312  140.47691601   -1.        
 140.77090874  141.21340385   -1.        
 141.23187648  140.40778334   -1.        
 140.92196695  139.51950293   -1.        
 140.74914     140.73440644   -1.        
 141.25628232  140.14014165   -1.        
 140.4039463   141.01385276   -1.        
 140.06161256  140.51037264   -1.        
 140.77247246  140.55806637   -1.        
 140.62776748  139.68818612   -1.        
 141.65040481  140.2572743    -1.        
 139.74731458  140.78952839   -1.        
 139.91766515  139.96443945   -1.        
 140.58308378  139.66764953   -1.        
 139.4085212   140.33539944   -1.        
 140.22579705  141.20641058   -1.        
 140.2243997   140.64558897   -1.        
 140.43713835  140.51599942   -1.        
 140.26889387  140.13122189   -1.        
 140.55371958  140.71094258   -1.        
 140.29238815  140.23335246   -1.        
 140.02998426  140.28049461   -1.        
 141.24387134  139.69542516   -1.        
 140.41746664  141.0442656    -1.        
 141.12144105  140.95816892   -1.        
 140.72229849  140.62450559   -1.        
 139.98140216  139.69788829   -1.        
 140.31004584  139.81020409   -1.        
 140.90018298  140.86263891   -1.        
 140.90739058  139.99081988   -1.        
 140.71114645  140.655774     -1.        
 140.11059092  141.09429338   -1.        
 139.8110975  140.2716768   -1.       
 140.48472399  140.18534486   -1.        
 139.6210664   140.05192438   -1.        
 141.00592164  140.04831561   -1.        
 140.88998062  140.35312732   -1.        
 140.02422743  140.19066943   -1.        
 140.64186783  140.56711072   -1.        
 141.470589    140.17244323   -1.        
 141.2023906   140.55907707   -1.        
 141.01709597  140.4838415    -1.        
 140.53726964  141.19328499   -1.        
 141.29375201  140.80110966   -1.        
 141.42269185  142.91627216   -1.        
 142.84875359  142.7445438    -1.        
 142.79118696  142.78045711   -1.        
 143.03265504  141.79162375   -1.        
 142.91485036  142.53614564   -1.        
 143.35319273  141.85925085    1.        
 143.54137785  142.03683483    1.        
 142.67927996  141.88356187    1.        
 143.20723669  143.34407418    1.        
 143.42295552  141.58609674    1.        
 142.25174621  142.54558808    1.        
 142.53480691  142.49488452    1.        
 141.90404826  142.17332991    1.        
 142.6268231   142.80871917    1.        
 142.22003491  141.86847026    1.        
 142.2625121   142.82406505    1.        
 142.86295009  141.74720215    1.        
 142.80125735  142.66209348    1.        
 142.88496192  141.79064222    1.        
 143.21766564  142.11707899    1.        
 141.93810127  142.06801398    1.        
 143.20114349  142.77683961    1.        
 141.12964828  142.26906165    1.        
 142.22499318  142.6429168     1.        
 142.71222344  142.93770143    1.        
 142.7597771   142.70609634    1.        
 143.33340706  142.22978517    1.        
 142.28148537  142.5589161     1.        
 142.63780686  141.83819854    1.        
 143.30447503  142.44576246    1.        
 142.89922925  141.96351689    1.        
 142.80790903  142.90957007    1.        
 142.58040424  142.2182403     1.        
 142.10320608  142.65774033    1.        
 142.81024056  141.88916025    1.        
 141.94846869  142.33856321    1.        
 143.44967247  142.41595538    1.        
 142.02483758  142.88909309    1.        
 142.84507794  142.1183563     1.        
 141.95130674  141.82754717    1.        
 142.47765524  142.68380044    1.        
 143.0793434   142.42610949    1.        
 142.55266591  142.40861722    1.        
 142.99536748  142.49719373    1.        
 143.53358662  142.62937237    1.        
 142.44263588  142.4159314     1.        
 142.13923805  142.23955912    1.        
 142.30150147  142.51694787    1.        
 142.75901926  143.04165088    1.        
 141.93757704  142.66454933    1.        
 139.73728823  141.08431215    1.        
 140.58242648  140.55274549    1.        
 141.19183075  141.01159747    1.        
 140.46615564  140.52566838    1.        
 140.22856068  140.6984671     1.        
