 115.05601516  115.61906109   -1.        
 115.99180088  116.15103785   -1.        
 115.40464605  115.5935356    -1.        
 114.79634484  115.70680325   -1.        
 114.69132718  114.49931116   -1.        
 115.82575177  114.66021253   -1.        
 115.31070659  114.80665579   -1.        
 115.15989797  115.73625674   -1.        
 114.99859725  114.58671172   -1.        
 115.22832217  114.30303781   -1.        
 116.06751664  114.64849657   -1.        
 115.46107249  114.59700946   -1.        
 115.58675966  115.68101091   -1.        
 115.18933359  115.54362811   -1.        
 114.03400873  114.85292114   -1.        
 114.7916572  114.6856769   -1.       
 115.07239592  114.69191963   -1.        
 114.33142289  115.49112447   -1.        
 114.64843097  114.54261604   -1.        
 114.91822412  114.52367149   -1.        
 115.36132301  115.4521152    -1.        
 114.88308517  114.32527613   -1.        
 114.74237526  115.26730362   -1.        
 115.1837625   115.35541347   -1.        
 115.38253139  114.77426104   -1.        
 114.60904838  115.24289854   -1.        
 115.42210234  114.90518367   -1.        
 114.766225    115.60624215   -1.        
 114.52474399  115.29550353   -1.        
 114.58681342  115.14189746   -1.        
 115.03861704  115.39513197   -1.        
 115.34089539  114.77116553   -1.        
 114.88653008  115.10670845   -1.        
 115.26929758  114.54878951   -1.        
 114.79902593  115.77074539   -1.        
 114.90485014  114.81638499   -1.        
 114.79853668  115.5738949    -1.        
 115.02449256  114.2698212    -1.        
 114.66626599  115.16564709   -1.        
 115.6079501   114.19480901   -1.        
 115.03080227  115.21861211   -1.        
 113.91003133  114.79779529   -1.        
 115.05258297  115.0817624    -1.        
 115.26566381  114.32462815   -1.        
 114.58214258  115.08844004   -1.        
 117.50516681  117.00709131   -1.        
 117.22050571  116.63308402   -1.        
 117.37953074  117.12601616   -1.        
 116.780619    115.46105273   -1.        
 117.3738773   116.80849657   -1.        
 116.89330683  116.5746437     1.        
 117.68947602  117.77932863    1.        
 117.17506437  117.36538602    1.        
 117.49888663  117.9486761     1.        
 116.39475634  117.474875      1.        
 116.78166302  116.44649913    1.        
 117.27468659  117.93815287    1.        
 117.28899674  117.4072978     1.        
 117.72897675  117.03292202    1.        
 116.45709617  117.59895886    1.        
 116.2226954   117.35705198    1.        
 117.3920903   115.99710159    1.        
 117.48067582  117.73111916    1.        
 117.76331644  116.24932638    1.        
 117.00196559  116.00069893    1.        
 117.38244021  116.6219183     1.        
 117.52614063  116.75007066    1.        
 116.78977144  116.83135872    1.        
 116.91144769  117.0121021     1.        
 117.21794055  116.7025857     1.        
 117.51296154  116.17556894    1.        
 117.1508893   117.55755147    1.        
 117.08404881  117.33933053    1.        
 116.38589181  115.96502778    1.        
 116.46443458  116.46841429    1.        
 118.10116343  117.78728966    1.        
 117.08937854  116.87073875    1.        
 117.03700874  117.1405594     1.        
 117.28960525  116.90717348    1.        
 117.30686268  116.74987673    1.        
 116.53021317  117.05500626    1.        
 117.13554392  116.57129151    1.        
 117.28777957  116.21537804    1.        
 117.61589029  117.47428846    1.        
 117.81663875  116.7374704     1.        
 116.60389079  116.31641083    1.        
 117.93862396  116.69375609    1.        
 117.05967887  116.48721762    1.        
 116.84249591  117.08228685    1.        
 116.21039394  117.24172875    1.        
 117.28334441  116.93187143    1.        
 116.97916121  116.07982474    1.        
 117.12214999  117.59134603    1.        
 116.04429396  116.47845854    1.        
 116.91087872  115.89255452    1.        
 114.90860364  114.24908109    1.        
 115.60053668  114.57711835    1.        
 115.14186533  116.12425279    1.        
 114.99774824  114.49272868    1.        
 114.35907601  115.44908114    1.        
