 12.61047573  12.02293378  -1.        
 13.02963663  12.56281604  -1.        
 12.77739513  12.89654578  -1.        
 13.31054415  13.06380113  -1.        
 12.98665608  12.66440312  -1.        
 13.17525524  12.37288739  -1.        
 13.08110615  12.82945847  -1.        
 13.50998611  13.61937715  -1.        
 13.56808976  13.61715579  -1.        
 12.8455907   13.55264861  -1.        
 13.13131212  13.69470641  -1.        
 13.06740979  13.4407603   -1.        
 13.75613942  12.81593544  -1.        
 13.32122636  13.23512474  -1.        
 13.49359259  12.98231439  -1.        
 13.36068386  13.04548906  -1.        
 13.00887354  12.63071866  -1.        
 13.78423288  13.07224616  -1.        
 13.35376481  12.64491719  -1.        
 13.29361044  12.92719547  -1.        
 13.86566269  13.41438506  -1.        
 13.74222119  12.78338538  -1.        
 13.18819625  13.02772726  -1.        
 12.78202847  12.13857453  -1.        
 13.05882197  13.08948629  -1.        
 12.68867181  12.38745234  -1.        
 12.81801265  13.17093133  -1.        
 13.78885608  13.56444529  -1.        
 13.22516814  12.83843121  -1.        
 12.8564073   12.11421522  -1.        
 13.69990349  13.14045655  -1.        
 13.46150601  11.63537511  -1.        
 13.65029321  12.97986194  -1.        
 13.3946484  12.5764514  -1.       
 12.82927298  13.74177513  -1.        
 13.43272412  12.26227711  -1.        
 13.69869874  13.37020202  -1.        
 13.22019669  13.6412053   -1.        
 13.39985334  13.0469874   -1.        
 13.32100797  13.78258235  -1.        
 12.63247036  13.56880268  -1.        
 12.55390554  13.08921013  -1.        
 12.58064722  12.7731792   -1.        
 12.66970935  12.63514028  -1.        
 12.98276133  12.62415698  -1.        
 15.92502858  15.46630152  -1.        
 15.30918162  14.77768831  -1.        
 14.71806215  14.40620901  -1.        
 14.39841089  14.73792485  -1.        
 14.99222945  13.99564504  -1.        
 15.05997799  15.36201567   1.        
 15.32612111  14.47973139   1.        
 14.27101239  14.94909831   1.        
 15.16249459  14.73042368   1.        
 15.67729489  14.9649331    1.        
 14.57658046  15.11636847   1.        
 14.81264428  15.71870046   1.        
 15.05002046  15.29704855   1.        
 16.24478017  14.26114513   1.        
 15.62284269  14.76154026   1.        
 15.07350553  15.33321109   1.        
 15.64872444  14.36815453   1.        
 15.03163567  13.65575804   1.        
 14.53799325  16.25670551   1.        
 14.28891385  15.92129206   1.        
 15.26855863  14.84098247   1.        
 15.48214223  15.51279825   1.        
 15.38966933  15.71268946   1.        
 15.8000933  14.7515949   1.       
 15.64763879  14.85511264   1.        
 14.83629055  15.70186399   1.        
 14.6453123   15.38268831   1.        
 15.36898287  14.64691833   1.        
 15.89929039  15.08191699   1.        
 14.34442849  15.11366474   1.        
 15.10392036  13.65014887   1.        
 14.37396752  14.76819567   1.        
 14.84633302  15.74051066   1.        
 15.33669459  15.4270058    1.        
 15.31844592  15.03724697   1.        
 14.87884207  14.63799046   1.        
 14.69120303  14.72183523   1.        
 14.78027479  15.04356172   1.        
 15.06681295  15.0539124    1.        
 14.14856789  15.20733633   1.        
 14.88083785  13.67051069   1.        
 15.17436426  15.28744911   1.        
 14.4974793   14.48340002   1.        
 14.68780388  14.28635025   1.        
 15.59818672  14.5090524    1.        
 14.72718255  14.21933808   1.        
 14.96397024  15.024279     1.        
 15.25647191  15.57889758   1.        
 14.81921538  15.72024017   1.        
 14.86730344  14.8575324    1.        
 14.14472316  12.81838248   1.        
 12.89233035  13.23331455   1.        
 13.51869103  12.44669553   1.        
 13.27683814  12.73927163   1.        
 13.41792942  13.26394677   1.        
