 57.89790634  57.63451722  -1.        
 58.47432718  57.90071755  -1.        
 58.14456342  57.97766036  -1.        
 58.1801094   57.88789733  -1.        
 57.52425234  57.68105673  -1.        
 58.80736528  57.67334184  -1.        
 57.83711479  58.78215352  -1.        
 57.82188006  58.25323409  -1.        
 57.55590401  58.5883997   -1.        
 58.62525177  58.63178541  -1.        
 58.27919878  57.57039844  -1.        
 57.99532335  57.60210026  -1.        
 57.6195855   57.35394025  -1.        
 58.09632982  57.42899419  -1.        
 57.775809    57.85088185  -1.        
 58.12811558  57.79052291  -1.        
 57.59891185  58.18692182  -1.        
 57.95541704  58.28864354  -1.        
 56.77024497  57.98215402  -1.        
 58.37736645  58.55522779  -1.        
 57.95118585  57.91174116  -1.        
 57.90417253  58.75235401  -1.        
 57.42934461  57.48950293  -1.        
 58.5152573   58.16948777  -1.        
 58.45278704  59.42230481  -1.        
 57.86229629  57.64213721  -1.        
 58.45104485  57.60276315  -1.        
 57.62199023  57.64094535  -1.        
 57.92565824  58.32687651  -1.        
 57.83483243  58.13883393  -1.        
 58.05607174  58.56311833  -1.        
 57.59162074  57.66731708  -1.        
 57.73415062  57.49602498  -1.        
 57.44329192  58.20553228  -1.        
 58.79670031  58.8858313   -1.        
 57.81396628  58.18954067  -1.        
 59.25416079  58.561983    -1.        
 58.26785471  57.90305883  -1.        
 58.55404441  57.85015834  -1.        
 58.49313567  58.40293879  -1.        
 57.35999235  57.02428795  -1.        
 57.65854222  58.62643428  -1.        
 58.25463892  57.93955327  -1.        
 58.13576017  57.52895113  -1.        
 57.55859144  57.66298699  -1.        
 59.46979071  59.60248821  -1.        
 59.95642664  59.57134775  -1.        
 60.04515844  58.88146837  -1.        
 60.11679341  59.93493726  -1.        
 59.80942068  60.10957905  -1.        
 59.95869846  59.55498014   1.        
 60.71169772  59.98824533   1.        
 59.35476868  59.30237416   1.        
 59.06468774  59.44799238   1.        
 59.62655353  59.65327997   1.        
 60.48899226  59.48024232   1.        
 60.17599383  59.59868202   1.        
 59.91350873  60.38732723   1.        
 60.75112659  58.75785082   1.        
 60.02995996  61.48489407   1.        
 59.96097367  60.4535421    1.        
 60.59579535  59.99130182   1.        
 59.6288009   60.25082418   1.        
 59.41234637  60.2251914    1.        
 59.3842827   59.48078943   1.        
 59.71887171  60.65483641   1.        
 60.52742423  59.6346597    1.        
 60.14646488  59.90614018   1.        
 60.04864077  60.48433687   1.        
 60.21856619  59.23346518   1.        
 59.82237848  60.01255116   1.        
 59.54261591  59.76070213   1.        
 59.31437391  61.18321197   1.        
 60.02526771  59.19300562   1.        
 59.77320039  59.50904405   1.        
 60.12928214  60.51678914   1.        
 59.2665982   59.33843695   1.        
 59.27057795  59.22380119   1.        
 59.71899502  60.09791233   1.        
 60.70404171  60.63231084   1.        
 60.93650692  60.08193672   1.        
 60.5087622  60.3822801   1.       
 60.51682596  60.04158913   1.        
 59.61580174  59.74261701   1.        
 60.05587837  59.57736044   1.        
 59.12346778  60.0561628    1.        
 59.65604159  59.6322209    1.        
 60.15703555  59.7744909    1.        
 59.79602977  61.04888865   1.        
 60.5761997   60.42974531   1.        
 59.29788908  59.26527643   1.        
 60.13254039  59.68110813   1.        
 58.84428459  60.46127912   1.        
 59.96938391  60.96009985   1.        
 60.70475259  60.41270453   1.        
 59.12069885  58.62521317   1.        
 57.67987737  57.47234173   1.        
 57.82132115  58.63804161   1.        
 57.41127693  58.03771695   1.        
 58.38861916  58.57236155   1.        
