 93.02079742  92.7130437   -1.        
 92.07502511  93.29298087  -1.        
 91.94406197  92.90304164  -1.        
 92.02417961  92.46753925  -1.        
 92.29612447  93.01973868  -1.        
 92.01779745  92.91704486  -1.        
 92.68412254  91.4682304   -1.        
 91.95966443  92.47469196  -1.        
 92.81541625  92.55116646  -1.        
 91.66270022  93.1197046   -1.        
 92.62399694  91.66168473  -1.        
 92.37348409  91.93708471  -1.        
 92.80199796  92.13911055  -1.        
 92.3601629   92.08711191  -1.        
 92.51707482  92.33315319  -1.        
 92.64574539  92.72285379  -1.        
 92.62034265  93.17682641  -1.        
 92.66050122  92.80699306  -1.        
 92.59973573  92.23308762  -1.        
 92.64845217  91.95232955  -1.        
 92.86193474  93.25399134  -1.        
 92.89435579  92.80843739  -1.        
 92.47798874  92.44241913  -1.        
 92.73514464  92.32567677  -1.        
 92.48718279  91.3295491   -1.        
 92.49439384  92.43304232  -1.        
 91.61639484  91.86958346  -1.        
 91.90213245  92.40835743  -1.        
 92.68170117  92.37640466  -1.        
 92.59423702  93.5471385   -1.        
 92.73236422  92.05334366  -1.        
 92.31252357  92.53980442  -1.        
 92.74370671  92.58517801  -1.        
 92.72657922  91.77212989  -1.        
 92.56599789  92.04362863  -1.        
 93.16928159  91.58046212  -1.        
 92.24818879  92.58085549  -1.        
 92.42613828  92.07385967  -1.        
 93.09957512  92.79750534  -1.        
 92.63865382  92.07235636  -1.        
 92.69692594  91.47510473  -1.        
 91.60131427  92.51676843  -1.        
 91.77432944  92.88097242  -1.        
 92.57197813  92.79728915  -1.        
 92.37822075  92.19394001  -1.        
 94.49984543  94.76546284  -1.        
 94.03383571  94.1339975   -1.        
 94.42425381  94.36381102  -1.        
 94.06953533  94.62787964  -1.        
 94.56874119  94.92840452  -1.        
 94.13159291  94.64517314   1.        
 94.76783986  94.5919758    1.        
 94.0011248   94.48207967   1.        
 94.52373195  93.87266932   1.        
 95.04283631  94.63358275   1.        
 94.90883077  94.82807228   1.        
 94.42694391  94.96387786   1.        
 94.30367497  95.04855676   1.        
 94.66492138  93.26814289   1.        
 95.69426712  93.98100966   1.        
 94.42711169  94.46688716   1.        
 94.65233983  94.6429132    1.        
 94.21292687  95.17427035   1.        
 94.15087029  95.41670062   1.        
 94.61880247  94.85010621   1.        
 94.65249466  95.00269132   1.        
 93.93950241  94.42925356   1.        
 93.27363724  95.24460639   1.        
 94.22784098  95.57202286   1.        
 94.36318155  94.74287554   1.        
 94.74997903  93.7365062    1.        
 94.27247551  94.23195342   1.        
 94.23920795  95.15769703   1.        
 94.11297626  94.14955835   1.        
 94.36140603  94.35019084   1.        
 94.02768273  94.98490772   1.        
 94.81860872  94.60151129   1.        
 94.42418157  94.13894666   1.        
 93.94664208  93.30666759   1.        
 94.73352427  93.8880801    1.        
 94.10910224  94.01490263   1.        
 93.77334256  94.17466965   1.        
 94.74233407  94.69118627   1.        
 94.43982776  94.34612807   1.        
 94.3057397   94.37253775   1.        
 94.73885263  94.73828016   1.        
 93.47640443  94.58763417   1.        
 94.4932718   95.21517048   1.        
 94.48871084  94.62283145   1.        
 95.67779379  94.32362583   1.        
 94.37519951  94.50930395   1.        
 94.25478374  94.58247394   1.        
 95.30998747  95.02898041   1.        
 94.9581868   94.12664937   1.        
 94.32667231  95.51461995   1.        
 92.96902643  92.964288     1.        
 92.51072093  92.24720282   1.        
 91.25804933  92.20459735   1.        
 92.07282639  92.38194861   1.        
 92.69455265  92.76091191   1.        
