 145.11837777  145.29002761   -1.        
 144.87697494  145.30393719   -1.        
 144.17994517  145.5128997    -1.        
 145.67868919  144.65241024   -1.        
 144.95550814  144.6193671    -1.        
 145.42398777  144.84198943   -1.        
 145.12256455  145.34601772   -1.        
 145.05814934  145.37746065   -1.        
 144.3274676   144.09412649   -1.        
 145.20124866  145.0027812    -1.        
 144.7382091  145.2212061   -1.       
 145.0337391   144.84813519   -1.        
 144.92594998  144.84535409   -1.        
 144.80690027  145.14019355   -1.        
 144.46262704  144.53392994   -1.        
 145.15299119  145.02313714   -1.        
 145.96713607  144.97272152   -1.        
 144.06451583  143.98154579   -1.        
 144.64290632  144.99716884   -1.        
 145.92978059  145.23716604   -1.        
 144.27081327  145.15310359   -1.        
 143.84132235  144.719733     -1.        
 144.81281391  144.54353227   -1.        
 144.06183211  144.19135984   -1.        
 144.06908348  144.92408886   -1.        
 144.44099615  144.9567238    -1.        
 144.50990913  144.92644029   -1.        
 145.76707623  144.63505823   -1.        
 145.12873893  145.34627256   -1.        
 145.75775848  145.19790786   -1.        
 144.97470089  144.84430409   -1.        
 145.20662863  145.62856529   -1.        
 145.09669675  144.79189981   -1.        
 145.04767124  144.81234313   -1.        
 144.59321857  144.70669515   -1.        
 145.33665639  146.1491614    -1.        
 144.36599467  145.29895356   -1.        
 145.85607263  146.00819543   -1.        
 145.36646465  145.48410155   -1.        
 145.52039164  144.43684523   -1.        
 144.63641208  145.13459849   -1.        
 145.195249    144.41236996   -1.        
 145.05764401  145.4205601    -1.        
 144.40841325  145.71063051   -1.        
 145.00549661  144.97781862   -1.        
 147.37286669  146.69457224   -1.        
 146.50076737  146.86115447   -1.        
 147.24708994  147.59770003   -1.        
 146.83556875  147.35781435   -1.        
 147.57748046  147.11903573   -1.        
 146.02894593  147.52482269    1.        
 146.20910874  147.02337317    1.        
 146.27646408  146.61709373    1.        
 146.63154514  146.68067281    1.        
 147.31791132  147.46375056    1.        
 147.17423693  147.27973547    1.        
 145.99756816  146.50545766    1.        
 145.9442801   147.50804901    1.        
 146.52013233  147.23937602    1.        
 147.03822634  146.76052808    1.        
 147.33447797  146.67210975    1.        
 147.21809469  147.31895752    1.        
 146.20367317  147.21997044    1.        
 146.89232498  147.2735602     1.        
 147.10841027  146.19477191    1.        
 147.45726171  147.12190281    1.        
 147.28486263  147.23729451    1.        
 146.75821735  147.10531569    1.        
 146.55509578  145.87986967    1.        
 147.37740144  146.88962566    1.        
 146.84902766  147.15926976    1.        
 146.2970111   147.75723305    1.        
 147.21898499  145.83628297    1.        
 147.83102904  146.33120275    1.        
 146.3810202  146.0138078    1.       
 146.71539023  146.7994353     1.        
 147.27593522  147.79783318    1.        
 147.01479057  147.36121583    1.        
 147.02294727  147.41645876    1.        
 146.65673267  146.49176025    1.        
 146.2441929  147.0928259    1.       
 146.85762928  146.69664695    1.        
 147.68341892  146.76525858    1.        
 147.40247344  147.68173897    1.        
 147.73920024  146.7166082     1.        
 145.91709832  146.98457134    1.        
 147.64622519  146.44063971    1.        
 147.44407333  146.4836464     1.        
 147.91782584  146.58187512    1.        
 146.52726627  146.58112056    1.        
 147.45144614  146.8119936     1.        
 146.32559882  147.13005523    1.        
 147.80332015  147.61979236    1.        
 147.58653123  146.47204344    1.        
 146.54965111  146.25016772    1.        
 144.31855965  144.2678247     1.        
 145.45881637  144.87655729    1.        
 144.27177786  145.77779279    1.        
 144.91223962  144.51521321    1.        
 145.59818407  145.06939267    1.        
