 51.28836915  50.09498992  -1.        
 50.52794719  50.36096007  -1.        
 50.29009663  50.63179993  -1.        
 51.05046553  51.24458624  -1.        
 50.27225559  50.89000975  -1.        
 51.06893091  50.64877468  -1.        
 50.13706891  49.61453217  -1.        
 49.7854816   50.40559516  -1.        
 50.50773461  50.1716647   -1.        
 51.02087931  50.79284432  -1.        
 50.31084686  50.24065018  -1.        
 50.67141848  51.01167452  -1.        
 50.39044492  50.41673711  -1.        
 50.72070704  50.4318482   -1.        
 50.36872579  50.78224175  -1.        
 49.65900438  50.70113992  -1.        
 49.8391123   49.46230118  -1.        
 50.77536685  50.26551283  -1.        
 49.9123322   50.88461162  -1.        
 50.3766846   50.64857673  -1.        
 49.69176191  50.97627499  -1.        
 50.98074345  50.99104129  -1.        
 50.70847505  50.42044553  -1.        
 50.47781718  50.52431033  -1.        
 50.21193443  50.3283155   -1.        
 50.23747165  51.3323256   -1.        
 50.67611308  50.83808913  -1.        
 50.31835267  51.04784253  -1.        
 49.97729599  50.74465983  -1.        
 51.00840816  49.96349072  -1.        
 49.96441066  51.06069889  -1.        
 50.05610767  50.67118268  -1.        
 51.53286239  50.52908002  -1.        
 50.20194915  49.22549334  -1.        
 51.07114367  51.31285073  -1.        
 50.5260955   50.07778358  -1.        
 50.44258107  50.3535472   -1.        
 49.36883083  49.61514231  -1.        
 48.98518062  50.0328229   -1.        
 50.54285364  50.72479827  -1.        
 50.28930219  49.20190595  -1.        
 51.07071967  50.38294967  -1.        
 49.48389282  50.35543003  -1.        
 50.6237408   50.31858043  -1.        
 50.44886018  50.21308098  -1.        
 52.55043577  51.72202527  -1.        
 52.89922057  52.51749652  -1.        
 51.62573161  52.04729125  -1.        
 52.7287339  52.714491   -1.       
 52.46357686  53.00544309  -1.        
 52.80591546  52.5057136    1.        
 52.14706237  53.23755252   1.        
 52.45614235  52.02116965   1.        
 53.38939314  52.93577537   1.        
 52.64305246  53.36501273   1.        
 52.21347785  52.29095673   1.        
 53.58138456  52.65676216   1.        
 52.84206444  53.53397928   1.        
 53.18379876  52.94177353   1.        
 52.88324754  52.51370198   1.        
 52.51650453  52.320845     1.        
 52.44120282  52.60802837   1.        
 52.71910587  51.23520063   1.        
 51.81844819  52.24674844   1.        
 52.89469859  52.30931763   1.        
 51.52161087  51.93657686   1.        
 52.2786008   52.68087811   1.        
 51.98216415  52.42317189   1.        
 51.82197356  51.63408913   1.        
 52.60388175  52.34538843   1.        
 52.87754643  52.28719501   1.        
 52.71137295  52.77221395   1.        
 53.14826291  51.90977986   1.        
 53.07785851  51.68424767   1.        
 51.75763686  52.4546018    1.        
 52.90359723  52.38442722   1.        
 52.81510915  51.81255842   1.        
 52.55235692  53.48947659   1.        
 52.28173981  52.3805326    1.        
 52.27509714  52.15114552   1.        
 52.07321869  52.41064697   1.        
 52.78595627  51.95879853   1.        
 52.87116666  52.07784921   1.        
 52.71914691  52.73342636   1.        
 51.79453635  52.40125249   1.        
 52.76019286  53.07846489   1.        
 52.6575061   53.20517468   1.        
 52.71264823  52.68238861   1.        
 52.13215293  52.6495408    1.        
 52.24366782  52.45765201   1.        
 51.67865109  52.50649447   1.        
 53.45821907  52.3850696    1.        
 52.6121096   52.51663123   1.        
 52.6051619   52.73134571   1.        
 53.22635072  51.90197248   1.        
 49.73994205  50.74301961   1.        
 49.56302357  50.85835731   1.        
 50.63158857  49.78458492   1.        
 51.33361597  50.9289604    1.        
 50.83942251  50.14496903   1.        
