 130.50163634  129.30878262   -1.        
 130.95786143  129.99661473   -1.        
 129.8074703   130.18588445   -1.        
 130.49198866  129.07690382   -1.        
 129.73812804  129.3103171    -1.        
 130.31289877  129.44985217   -1.        
 130.53477673  130.43571063   -1.        
 129.54284216  130.37227264   -1.        
 130.24650718  130.19574453   -1.        
 129.4532196   130.18920465   -1.        
 130.27916783  130.23626059   -1.        
 130.1160314   130.01051928   -1.        
 129.68045989  129.54606045   -1.        
 130.70348825  129.38825823   -1.        
 130.92190596  130.41799672   -1.        
 129.58463885  130.18849987   -1.        
 129.89756469  129.7905197    -1.        
 130.77850767  129.69621409   -1.        
 131.21245836  129.86347155   -1.        
 129.91356502  129.64103308   -1.        
 129.8389526   129.92301121   -1.        
 129.489851    129.58580997   -1.        
 131.00222736  130.32190083   -1.        
 129.08103188  130.38693714   -1.        
 129.69431984  130.21861001   -1.        
 129.72819975  129.72282894   -1.        
 129.47064954  129.99108525   -1.        
 130.14547767  130.37845901   -1.        
 129.95371609  129.38673003   -1.        
 130.93322038  129.78749198   -1.        
 130.14578686  131.11971114   -1.        
 129.65561485  130.46251579   -1.        
 130.60026116  129.09647341   -1.        
 130.03122978  130.22691407   -1.        
 130.00743445  129.7568152    -1.        
 130.20034131  130.63515406   -1.        
 130.56338048  129.53108681   -1.        
 129.71973477  130.48214308   -1.        
 130.05484032  129.76084385   -1.        
 131.11147376  129.86162339   -1.        
 130.29724723  130.25337395   -1.        
 130.32102836  130.2818134    -1.        
 129.62239229  129.79955581   -1.        
 129.50283497  130.45646752   -1.        
 129.36397163  129.80031478   -1.        
 132.16412764  131.84926722   -1.        
 131.27040937  131.12679672   -1.        
 132.67265711  131.56371907   -1.        
 132.58078191  132.39010716   -1.        
 131.52646312  132.29710725   -1.        
 132.15456484  131.57291318    1.        
 132.26720589  132.04725857    1.        
 132.39167939  132.98891613    1.        
 132.45011282  131.35850706    1.        
 132.45636627  131.36670259    1.        
 132.05359932  132.10172638    1.        
 132.12338252  133.2193212     1.        
 132.67517559  132.31388706    1.        
 131.43255682  132.57420727    1.        
 132.62582638  131.4182367     1.        
 131.90354738  132.46031119    1.        
 132.13977518  131.89251465    1.        
 130.51785646  131.9449532     1.        
 132.09598904  132.37404606    1.        
 132.50601983  131.60413683    1.        
 132.93522876  132.08625857    1.        
 131.56393197  131.92145746    1.        
 131.95185293  132.68948143    1.        
 131.54045518  132.17258292    1.        
 132.17536451  131.35108372    1.        
 131.00630423  131.52769981    1.        
 132.53218384  132.38954733    1.        
 132.06759729  131.31569867    1.        
 132.54055864  132.39074201    1.        
 131.90116763  131.82963647    1.        
 132.29459443  132.4507497     1.        
 132.51271954  132.74062305    1.        
 131.81652205  132.28675606    1.        
 132.89869784  131.31592634    1.        
 131.90309236  132.14071797    1.        
 132.45671039  132.66131478    1.        
 133.10419761  132.13168791    1.        
 132.05032418  130.80308027    1.        
 133.53351762  131.63160242    1.        
 132.06777221  132.74915979    1.        
 131.86654728  132.36956687    1.        
 131.56294478  131.64582743    1.        
 132.08277997  131.90947957    1.        
 132.78999752  131.51066886    1.        
 131.82284435  132.95587175    1.        
 132.22738832  131.93550408    1.        
 132.21587801  132.28931809    1.        
 131.82083342  132.17625169    1.        
 131.91872672  132.20385342    1.        
 131.39592027  130.90990811    1.        
 130.15976253  129.10125378    1.        
 130.05975827  130.17795035    1.        
 129.91812357  129.78903232    1.        
 129.95467257  130.06669287    1.        
 129.34575776  129.61869685    1.        
