 124.44175734  125.26204167   -1.        
 125.20658537  125.46901629   -1.        
 125.53002778  124.77294706   -1.        
 126.18587816  125.5872743    -1.        
 125.95401913  125.11690045   -1.        
 126.42654509  125.52475588   -1.        
 126.55042932  125.46035921   -1.        
 125.09352689  125.28469947   -1.        
 125.12416648  125.94828281   -1.        
 125.65960629  125.76387735   -1.        
 125.80174466  125.5273396    -1.        
 124.5716045  125.8664613   -1.       
 125.51114574  126.39477493   -1.        
 125.04857948  124.69458673   -1.        
 125.49981738  125.12838717   -1.        
 125.55958171  124.41822909   -1.        
 125.68808486  126.00513534   -1.        
 125.22187106  125.78225069   -1.        
 125.57282293  125.75352285   -1.        
 125.38417756  126.3312224    -1.        
 125.10377002  125.50797819   -1.        
 125.81816878  124.93575419   -1.        
 124.586085    125.11011853   -1.        
 125.6400978   125.26910523   -1.        
 125.18286189  125.57504087   -1.        
 124.63218141  126.01618198   -1.        
 125.45073916  124.85734225   -1.        
 125.67948127  124.82683877   -1.        
 126.5779174  125.7613533   -1.       
 124.64236063  125.67182558   -1.        
 125.55729583  124.95812451   -1.        
 125.87474843  126.05692448   -1.        
 125.13441833  125.25622613   -1.        
 125.12241772  124.37121357   -1.        
 124.55803231  125.17000858   -1.        
 125.2118003   125.12404501   -1.        
 126.32608465  125.63907204   -1.        
 125.53430643  125.92648672   -1.        
 125.59116299  125.23558193   -1.        
 125.29098384  125.34121684   -1.        
 125.70084994  124.78254171   -1.        
 125.42235943  125.40556084   -1.        
 124.89312406  125.78551328   -1.        
 125.80023918  124.847162     -1.        
 125.16722797  125.91258757   -1.        
 127.2395217   127.10096181   -1.        
 127.25764335  127.7954403    -1.        
 127.27232044  127.48630236   -1.        
 127.72645906  127.34930585   -1.        
 128.66142647  127.14267184   -1.        
 127.32899268  127.076461      1.        
 128.07543146  127.10479653    1.        
 128.12423554  128.15824725    1.        
 127.58282762  126.86572602    1.        
 127.96437106  127.37243492    1.        
 127.29773913  127.24025372    1.        
 127.53031505  127.7741984     1.        
 127.79650278  127.11218328    1.        
 127.14981051  127.75105673    1.        
 128.19477401  127.45474269    1.        
 126.59776655  127.9082166     1.        
 127.10633324  127.2319309     1.        
 127.03240347  127.40458296    1.        
 127.12247965  127.75853867    1.        
 126.54084305  127.32078439    1.        
 127.26092753  127.25397419    1.        
 128.45669132  127.22238806    1.        
 127.95059643  127.04473455    1.        
 127.33992697  126.7365437     1.        
 127.6604628   127.56950155    1.        
 127.57903303  126.56079721    1.        
 127.2874823   127.66491681    1.        
 127.87419759  127.44107387    1.        
 127.69201821  127.40846544    1.        
 128.16314648  126.89709001    1.        
 127.70673734  128.2108001     1.        
 127.79666747  127.64719303    1.        
 127.97790795  128.77224014    1.        
 126.82236373  127.486812      1.        
 127.42163312  127.38370385    1.        
 126.67265059  126.82683392    1.        
 126.63769997  127.52149313    1.        
 127.29138393  127.91291807    1.        
 127.66439325  127.3545088     1.        
 127.6936462  127.9782516    1.       
 126.94862449  127.41347229    1.        
 127.39593825  128.86115808    1.        
 127.84135487  126.65891102    1.        
 127.33271631  127.31872665    1.        
 128.47341439  128.49621883    1.        
 127.09148121  127.66648277    1.        
 127.83472409  127.27024649    1.        
 126.94841186  127.78630429    1.        
 126.33577214  127.85304745    1.        
 127.78843478  127.05857474    1.        
 125.5521641   126.13375274    1.        
 125.4320359   124.88892186    1.        
 125.64442699  125.71374247    1.        
 125.55048808  124.75276923    1.        
 125.79352925  126.10001307    1.        
