 64.0492099   63.84277281  -1.        
 63.56064062  64.3942485   -1.        
 63.52614483  63.62165089  -1.        
 64.63761658  64.15380072  -1.        
 63.78159286  64.42422257  -1.        
 63.71189209  63.23407096  -1.        
 63.64491862  63.77483701  -1.        
 65.39140563  63.84680543  -1.        
 63.64360666  64.78031513  -1.        
 64.07921661  63.85738426  -1.        
 63.70952012  63.69805822  -1.        
 64.77149838  63.61940648  -1.        
 64.80417526  63.27142093  -1.        
 63.90397512  62.89038816  -1.        
 64.6064724   64.26856449  -1.        
 63.31755296  63.44595166  -1.        
 64.36738961  64.70756908  -1.        
 64.89395566  63.6280956   -1.        
 64.0908631   64.10678171  -1.        
 64.21003904  62.90525489  -1.        
 63.95479301  63.62846172  -1.        
 64.30433947  64.12986284  -1.        
 63.98167728  64.48954575  -1.        
 63.35247475  63.06189549  -1.        
 64.17485889  63.55419577  -1.        
 64.61319478  64.51283097  -1.        
 64.45036616  63.9121066   -1.        
 63.63035286  63.28779378  -1.        
 64.14291946  64.37567658  -1.        
 64.92073341  63.77783681  -1.        
 64.4179172   64.55213568  -1.        
 64.20469387  64.39290931  -1.        
 64.20920567  63.23490505  -1.        
 64.43285499  64.57000634  -1.        
 64.34574467  64.03700284  -1.        
 64.85756023  63.03446048  -1.        
 64.26847926  64.07281024  -1.        
 64.26324903  63.63276196  -1.        
 64.50831974  63.98551485  -1.        
 64.81665065  63.31277407  -1.        
 63.31020588  64.542055    -1.        
 63.17426068  63.61852245  -1.        
 64.11263333  63.61652035  -1.        
 64.0854173   63.56654474  -1.        
 63.72643949  63.61744729  -1.        
 65.5429267   66.10422258  -1.        
 66.63352566  66.17311424  -1.        
 66.61243377  66.17797495  -1.        
 65.85242761  66.34270505  -1.        
 65.4856106  66.8214157  -1.       
 66.38824792  65.06190716   1.        
 66.29823151  66.29637004   1.        
 65.48767352  67.08508613   1.        
 65.75616756  65.98292041   1.        
 65.21343647  66.34221122   1.        
 65.33238537  65.74586433   1.        
 66.81263611  64.5413951    1.        
 65.76024874  66.08096266   1.        
 65.11045934  65.31762427   1.        
 65.69623413  65.34296795   1.        
 65.38680514  65.34238427   1.        
 66.19481637  65.88512871   1.        
 66.2189135  65.0413904   1.       
 64.73137316  66.93765257   1.        
 66.36396528  66.47225025   1.        
 65.70638319  66.05573488   1.        
 65.40898069  64.70980959   1.        
 66.91000651  66.10655604   1.        
 66.40422365  65.13189925   1.        
 67.04626108  66.03011124   1.        
 65.6727239   66.35148177   1.        
 65.96377103  66.27925861   1.        
 65.48540314  64.89721718   1.        
 66.43154301  66.33794781   1.        
 66.09138709  65.70866798   1.        
 65.65919683  65.81298095   1.        
 66.0241696   65.64369076   1.        
 66.44736821  66.91706411   1.        
 65.59733429  66.19941426   1.        
 66.24492493  65.38966958   1.        
 66.50466533  65.1366924    1.        
 66.39127663  66.63469269   1.        
 65.45457554  66.94433987   1.        
 66.38024579  66.38833063   1.        
 66.15022209  65.57403607   1.        
 65.56233039  66.07725587   1.        
 66.22021494  66.25043494   1.        
 66.34447373  66.09533435   1.        
 66.12146177  65.29030783   1.        
 66.27691729  65.67937834   1.        
 65.99975092  65.65887701   1.        
 66.33160333  65.40254516   1.        
 65.62413879  65.10661266   1.        
 65.99800131  65.85896709   1.        
 66.39196708  66.00163527   1.        
 64.44586089  63.6931541    1.        
 64.20346676  64.01842561   1.        
 63.70852443  63.84209269   1.        
 63.7000728   64.41171036   1.        
 64.4692381  63.4600889   1.       
