 17.41720729  17.08698831  -1.        
 16.26413263  17.9222391   -1.        
 17.65134023  18.34755828  -1.        
 18.01081245  18.32437124  -1.        
 16.96953498  18.36016052  -1.        
 17.60188276  17.80996913  -1.        
 18.20659301  17.48918191  -1.        
 17.62442054  18.22647977  -1.        
 18.23333941  17.71350089  -1.        
 17.67868908  17.07362135  -1.        
 18.23505363  17.94382754  -1.        
 17.75620121  17.17555887  -1.        
 18.09959448  17.93801874  -1.        
 16.6778201   16.55209352  -1.        
 17.87292979  17.97924152  -1.        
 17.54708483  17.55166269  -1.        
 17.25868629  16.18774077  -1.        
 17.37532107  17.40923172  -1.        
 18.40491413  18.30850648  -1.        
 17.3147756   17.96486832  -1.        
 17.88948023  17.38712953  -1.        
 18.16628878  17.86905614  -1.        
 17.56565586  17.75342514  -1.        
 17.38646794  17.67918688  -1.        
 17.32412031  18.27667145  -1.        
 18.24518313  18.07581442  -1.        
 17.80269415  17.15691058  -1.        
 16.73958725  16.94342217  -1.        
 18.06947005  17.33618236  -1.        
 17.5723552   18.30139265  -1.        
 17.93058086  17.27064314  -1.        
 17.35503137  16.66938548  -1.        
 17.71050215  18.25402519  -1.        
 17.8388501   16.75178539  -1.        
 17.38923358  17.32543264  -1.        
 17.34728455  17.49842311  -1.        
 17.15991888  17.41100508  -1.        
 18.32119098  17.60516055  -1.        
 18.26897745  18.51880511  -1.        
 17.63424633  17.54714314  -1.        
 16.80798019  17.92355165  -1.        
 17.85735956  16.73469033  -1.        
 17.83284189  17.47935726  -1.        
 17.32054976  17.36492349  -1.        
 17.3275347   17.67764251  -1.        
 18.91795321  19.25831949  -1.        
 18.92114777  19.33068904  -1.        
 18.6584374   20.55783649  -1.        
 20.07989798  19.47246707  -1.        
 19.71944059  20.26149233  -1.        
 19.7116175   19.93057424   1.        
 18.60288854  19.61375475   1.        
 19.45209712  19.06040175   1.        
 20.01871138  19.34849423   1.        
 18.56052882  19.62872649   1.        
 19.63127204  19.8260977    1.        
 19.63939287  19.46953632   1.        
 19.5219503   19.23289635   1.        
 19.77121812  19.42911967   1.        
 19.84437997  19.06572836   1.        
 18.83490568  20.0278031    1.        
 19.69685513  19.52042936   1.        
 18.50228547  19.53960286   1.        
 19.48275585  18.62346514   1.        
 18.86665373  19.7573442    1.        
 19.64070341  18.81560932   1.        
 19.61399271  18.82424051   1.        
 19.91865814  18.8120058    1.        
 20.06321252  19.50243213   1.        
 19.74437923  19.49619819   1.        
 19.46139145  19.47433727   1.        
 19.51860204  18.98168842   1.        
 19.84956916  19.98663581   1.        
 19.05662331  19.23840423   1.        
 20.07001957  19.74034968   1.        
 18.38626818  19.55562521   1.        
 19.83229725  19.00288079   1.        
 19.52709841  19.6785942    1.        
 19.82799893  19.4937063    1.        
 19.09384653  18.8466719    1.        
 20.43593597  19.74310918   1.        
 18.780569    18.58081602   1.        
 19.26371895  18.77644418   1.        
 19.11734104  19.18877678   1.        
 19.47298916  19.58188001   1.        
 19.24280252  20.13987339   1.        
 20.13290284  20.4793123    1.        
 18.99932515  19.40196329   1.        
 19.01200559  19.13066665   1.        
 19.12453648  20.05992711   1.        
 19.86431939  19.91980315   1.        
 19.05921727  18.5889344    1.        
 19.11763011  19.74115544   1.        
 20.06760981  18.95656437   1.        
 20.3183557   19.13036849   1.        
 16.42425806  18.3428807    1.        
 18.10972527  17.79102882   1.        
 17.86471208  18.50115764   1.        
 17.33947929  16.68326259   1.        
 17.48960799  17.86365324   1.        
