 108.25008549  108.66995946   -1.        
 109.30175089  110.22433075   -1.        
 109.03890997  109.15675963   -1.        
 109.24716223  109.45101801   -1.        
 109.23766134  109.38678214   -1.        
 109.5285218   109.47605478   -1.        
 108.12053685  109.23528347   -1.        
 108.93921508  109.33136276   -1.        
 109.1048297   109.71545886   -1.        
 109.30135543  109.03886893   -1.        
 108.55107073  108.85510872   -1.        
 108.81527939  109.31708956   -1.        
 108.85296328  108.60122224   -1.        
 108.97497249  108.91343378   -1.        
 109.00878867  109.61418334   -1.        
 108.50289618  109.06244992   -1.        
 108.76016607  109.07643333   -1.        
 108.61589611  108.71415031   -1.        
 109.18277697  108.86760933   -1.        
 108.65752984  109.83300306   -1.        
 109.47678338  108.83803777   -1.        
 109.59266048  108.96588835   -1.        
 109.60364209  108.29540608   -1.        
 109.15821689  109.2820569    -1.        
 108.37767394  108.4123184    -1.        
 108.0450087  109.3802487   -1.       
 109.04660932  108.39176677   -1.        
 109.51283568  108.87553573   -1.        
 109.63817873  109.15771147   -1.        
 109.60639138  109.0478704    -1.        
 108.81788572  108.09470199   -1.        
 108.96615416  108.88659732   -1.        
 109.51640059  109.19807466   -1.        
 109.67324328  109.22991224   -1.        
 108.80595622  108.12629457   -1.        
 107.91988955  109.03399492   -1.        
 108.89578986  109.23176349   -1.        
 108.87039429  108.73366839   -1.        
 107.83005063  109.23838908   -1.        
 109.65156576  108.99589968   -1.        
 109.37708155  109.32545847   -1.        
 108.67154035  108.18633704   -1.        
 108.71806746  109.20972838   -1.        
 109.121822    109.71453972   -1.        
 109.10124652  108.82467905   -1.        
 110.66294439  111.52324482   -1.        
 110.381609    111.20710493   -1.        
 110.73925608  111.26644969   -1.        
 110.30125566  111.49316425   -1.        
 110.77034726  111.47477618   -1.        
 112.17120283  111.51312266    1.        
 110.70346445  111.09959558    1.        
 111.47986667  111.61631136    1.        
 111.66714257  111.57327648    1.        
 111.61999996  110.70702993    1.        
 111.54998386  111.00066323    1.        
 111.31684546  111.18194324    1.        
 110.98998991  111.17163682    1.        
 111.16278229  110.79141934    1.        
 111.08988217  111.38004696    1.        
 112.12171515  111.40242497    1.        
 109.45887951  110.57773523    1.        
 112.20656837  110.47565421    1.        
 111.77712097  110.41264786    1.        
 110.85249732  110.90276461    1.        
 110.86553139  111.13865174    1.        
 110.873866    112.00516056    1.        
 110.36002899  111.01478212    1.        
 111.95993342  111.52546479    1.        
 111.48191513  110.72392579    1.        
 110.04402424  111.5983902     1.        
 110.79253678  111.06213392    1.        
 110.04383847  110.8059219     1.        
 110.86113186  111.14431097    1.        
 110.81546616  111.62101768    1.        
 110.63426191  110.97000909    1.        
 110.98576078  110.92249014    1.        
 109.81112679  111.17445402    1.        
 110.52320025  110.67852097    1.        
 110.08423525  111.82787823    1.        
 110.99884844  110.88643093    1.        
 111.095929    111.35085905    1.        
 110.17900582  111.02980865    1.        
 110.97486559  110.23156967    1.        
 110.49978476  110.94913371    1.        
 110.68344059  110.83447807    1.        
 110.62297525  111.86375965    1.        
 111.83613267  111.03045507    1.        
 110.99002105  110.79925746    1.        
 111.07363612  110.58803101    1.        
 110.95714151  110.93678297    1.        
 110.78334633  111.57115429    1.        
 111.43464157  110.83231068    1.        
 110.20754293  110.40899982    1.        
 111.46394997  110.53724924    1.        
 109.54705792  108.93711871    1.        
 108.22390208  108.70359232    1.        
 108.84435775  108.85045133    1.        
 109.6323131   108.17317524    1.        
 109.57268834  108.98018131    1.        
