 53.63774782  54.69549214  -1.        
 53.67325185  53.45672176  -1.        
 54.22173564  53.13916257  -1.        
 54.1388777   54.09721768  -1.        
 54.01159121  52.58788876  -1.        
 53.6990626   53.95478427  -1.        
 54.31839001  52.80938993  -1.        
 53.76495706  53.6181218   -1.        
 54.20900455  53.00258207  -1.        
 52.95207102  54.13971972  -1.        
 53.68913605  53.29489947  -1.        
 53.41830173  53.07186774  -1.        
 53.09083046  53.66161872  -1.        
 52.3028222   54.24813225  -1.        
 53.85548011  52.51037162  -1.        
 53.72611716  54.00093606  -1.        
 52.77978914  53.17154101  -1.        
 53.4635726   53.60206927  -1.        
 53.4693944   53.05550668  -1.        
 52.81897978  53.49641721  -1.        
 53.73653154  52.82747259  -1.        
 54.02835005  52.73938794  -1.        
 53.5985313   53.77474339  -1.        
 53.11488628  53.16124273  -1.        
 53.38133103  53.45717926  -1.        
 53.93178369  53.32829425  -1.        
 53.52781087  53.52132738  -1.        
 53.33423605  53.31727739  -1.        
 53.71116135  53.6333608   -1.        
 53.78086004  53.59247987  -1.        
 53.42526622  53.19743653  -1.        
 53.75226193  53.49112223  -1.        
 52.82195508  53.18595673  -1.        
 53.12567849  53.8393478   -1.        
 53.01776593  53.50630791  -1.        
 54.08094232  53.48141602  -1.        
 53.32214213  53.65365823  -1.        
 52.89175083  53.8678115   -1.        
 53.45999104  53.89085131  -1.        
 53.37035788  53.0252233   -1.        
 53.80849495  53.7934929   -1.        
 53.49882304  53.15866442  -1.        
 53.81293651  52.25562493  -1.        
 53.60410637  53.3064073   -1.        
 53.15279361  53.94540633  -1.        
 55.28605659  55.46044728  -1.        
 55.52115449  56.11338692  -1.        
 55.53787263  55.1157602   -1.        
 55.52844879  55.42841231  -1.        
 54.96024193  54.95142971  -1.        
 55.63444385  55.23337774   1.        
 55.91039047  56.17937147   1.        
 54.43617958  55.39289928   1.        
 56.98440832  55.32759041   1.        
 55.39614045  54.57827501   1.        
 54.93272579  55.63844007   1.        
 55.48542642  55.6984293    1.        
 55.34108252  55.44064991   1.        
 55.63682231  54.54114454   1.        
 55.64258654  55.91399833   1.        
 54.59485344  55.35357818   1.        
 55.8991341   55.28962561   1.        
 55.60078337  53.9748328    1.        
 55.90404298  55.42534176   1.        
 55.19795843  55.1059142    1.        
 55.2034189   55.62008241   1.        
 54.76037667  54.68907199   1.        
 56.35170709  55.97374349   1.        
 54.67260832  55.49542037   1.        
 54.74275552  55.8477983    1.        
 56.10219355  55.68328359   1.        
 55.6845466   55.60343154   1.        
 55.20138331  54.81379273   1.        
 54.98497421  55.12426904   1.        
 56.42110267  55.80547705   1.        
 55.56415733  55.46701355   1.        
 55.84899266  55.65920782   1.        
 55.92702309  54.91301196   1.        
 55.83278418  54.52662013   1.        
 54.90291049  55.97300357   1.        
 55.88163774  54.9623751    1.        
 54.86515215  55.77391619   1.        
 55.25756253  54.38465757   1.        
 55.44373592  55.16709787   1.        
 57.62087097  55.49951537   1.        
 54.41018878  55.70777271   1.        
 55.33806085  54.99396713   1.        
 55.403328    56.46724172   1.        
 54.70280064  55.94555992   1.        
 55.85533054  55.01662522   1.        
 56.05047116  55.68845554   1.        
 56.0897001   56.21828219   1.        
 54.6721374   55.06373629   1.        
 55.92630768  54.61284154   1.        
 55.37883669  55.53505482   1.        
 53.49521987  53.96354478   1.        
 53.65872899  53.42416147   1.        
 54.35437353  53.69107569   1.        
 53.77984456  53.52891684   1.        
 53.47067377  53.58662846   1.        
