 84.35581612  84.17285313  -1.        
 83.77457493  83.20524609  -1.        
 83.84157147  84.29292091  -1.        
 84.03808295  85.23004845  -1.        
 83.53167417  83.01324214  -1.        
 83.03537793  83.74476884  -1.        
 84.05086241  82.99406455  -1.        
 83.153518    83.42610876  -1.        
 82.89211198  83.92690277  -1.        
 83.58024765  84.56251972  -1.        
 84.00193757  83.73675072  -1.        
 83.3890873   83.41924302  -1.        
 83.73301546  83.60360476  -1.        
 83.82215116  83.17012657  -1.        
 82.89622416  83.26703995  -1.        
 83.20482454  83.45342866  -1.        
 83.44621132  84.63035592  -1.        
 82.02706221  83.56331754  -1.        
 83.65329288  84.33304276  -1.        
 83.52734412  83.90140218  -1.        
 83.98000678  83.74848351  -1.        
 83.92795477  83.32019442  -1.        
 82.66092926  83.50711662  -1.        
 84.31365076  84.41730106  -1.        
 83.15966062  83.63704449  -1.        
 84.14906333  82.82630726  -1.        
 83.07235717  83.48539308  -1.        
 83.27506866  83.70310772  -1.        
 82.95140117  83.12459071  -1.        
 83.7156853   83.73255019  -1.        
 83.95307347  84.35219876  -1.        
 83.1524975   83.69914395  -1.        
 83.91142162  83.71146116  -1.        
 83.94426635  82.44279986  -1.        
 83.94979846  83.09325474  -1.        
 82.86790594  83.83247662  -1.        
 83.88770164  83.80369199  -1.        
 84.19518252  83.64777881  -1.        
 83.90743355  83.60722843  -1.        
 82.94841511  84.26580759  -1.        
 83.79168359  83.50070911  -1.        
 83.47897816  84.30711863  -1.        
 84.10403376  83.69657362  -1.        
 84.39906162  83.62699638  -1.        
 83.44509035  82.78855313  -1.        
 85.74509305  85.60706256  -1.        
 86.19154475  85.68793071  -1.        
 85.67991288  85.29683072  -1.        
 85.07944987  84.73724224  -1.        
 85.11922581  85.76288544  -1.        
 85.66114366  85.35079416   1.        
 85.78715377  85.43712618   1.        
 84.97351059  85.6732685    1.        
 85.97474518  84.85850809   1.        
 84.75463059  85.64589691   1.        
 84.71592078  85.93980227   1.        
 86.34212561  85.68010835   1.        
 85.53823292  84.74383346   1.        
 85.68575479  85.18177635   1.        
 84.70281588  85.24469595   1.        
 85.44123697  85.50526934   1.        
 85.95424283  86.03232379   1.        
 84.73756979  86.16696005   1.        
 85.15205065  85.28145957   1.        
 85.18326466  85.56646533   1.        
 85.16271029  85.11907357   1.        
 85.2974011  85.0692412   1.       
 85.90677627  86.36025813   1.        
 85.86480041  85.57879864   1.        
 85.16706771  85.03963419   1.        
 84.55885831  85.36630137   1.        
 85.45268886  85.97525454   1.        
 86.26601788  86.25667443   1.        
 85.2290239   85.75040313   1.        
 86.02866188  85.84023152   1.        
 85.54110901  86.21841901   1.        
 85.68441353  85.23047796   1.        
 85.30370575  85.43098774   1.        
 85.89438508  86.38229932   1.        
 86.24880794  85.70712117   1.        
 85.30890997  85.31536377   1.        
 85.2737415  85.4399469   1.       
 85.02264379  85.1517699    1.        
 85.87221116  85.98326357   1.        
 85.32359103  85.42321962   1.        
 86.27100901  85.2852543    1.        
 85.00690141  84.98482924   1.        
 85.53833672  85.49226737   1.        
 85.44050014  86.48471827   1.        
 84.75626609  85.11363862   1.        
 85.11633805  85.82108701   1.        
 85.81100641  85.94861913   1.        
 85.48470571  85.73705009   1.        
 84.72120121  85.69663413   1.        
 84.69779501  84.58341755   1.        
 83.70489171  83.64186202   1.        
 84.57163195  83.86083713   1.        
 83.97382323  83.27932149   1.        
 83.12285163  83.1505737    1.        
 82.91810299  83.10995692   1.        
