 4.25801204  3.00964866 -1.        
 4.52022213  4.13813085 -1.        
 4.17027816  3.92576324 -1.        
 4.06163722  4.83796457 -1.        
 4.54245746  3.7386142  -1.        
 4.65251317  4.27343068 -1.        
 3.52472005  4.35813207 -1.        
 3.26535325  3.09311269 -1.        
 4.35942204  3.72623781 -1.        
 3.94685133  4.02933286 -1.        
 4.71267484  4.5986932  -1.        
 3.54585785  4.01732393 -1.        
 3.74052917  3.95927052 -1.        
 4.26317324  3.51367473 -1.        
 4.14451371  4.20491267 -1.        
 3.07853144  3.98459669 -1.        
 4.23475862  4.16464758 -1.        
 3.76938762  4.13805077 -1.        
 4.35787519  4.32371169 -1.        
 4.90688573  4.16563328 -1.        
 3.70415941  3.72513824 -1.        
 3.9040592  3.9619122 -1.       
 3.22702973  3.98942289 -1.        
 3.67013106  4.45077667 -1.        
 3.3692009   3.72349357 -1.        
 3.96470465  3.88933337 -1.        
 3.71258356  3.93982801 -1.        
 3.36805541  3.81663941 -1.        
 4.91799194  4.29383268 -1.        
 4.72380052  4.37931675 -1.        
 4.59602024  3.43285092 -1.        
 4.85969329  3.95672176 -1.        
 3.20986606  4.34646245 -1.        
 4.29758304  3.54872099 -1.        
 4.6047609   3.51520712 -1.        
 4.15511229  4.48126019 -1.        
 3.26014745  3.91534423 -1.        
 4.24523996  4.41339709 -1.        
 3.4558858   4.04574185 -1.        
 3.3723705   4.42983183 -1.        
 4.43486864  4.29199361 -1.        
 3.42052795  3.90354192 -1.        
 3.13972571  3.45815877 -1.        
 4.85690233  4.01313104 -1.        
 3.70799554  4.56613354 -1.        
 6.2683461   6.03483175 -1.        
 5.73172227  4.80233542 -1.        
 5.1921702   5.42416542 -1.        
 5.22086384  6.07319635 -1.        
 6.13182961  5.99615603 -1.        
 6.5032228  5.6575884  1.       
 5.61401396  5.92643943  1.        
 5.89570283  5.51826008  1.        
 5.88453766  6.34151765  1.        
 5.68985347  6.2344578   1.        
 5.63118508  6.4197725   1.        
 6.58550008  6.60799198  1.        
 6.66840318  6.33778026  1.        
 5.86306037  6.047478    1.        
 5.70334193  6.28634109  1.        
 6.19829383  5.84217     1.        
 5.71769953  5.58528087  1.        
 6.13286371  5.47219733  1.        
 6.32308249  5.44397197  1.        
 6.72144205  6.48080481  1.        
 6.30949305  6.78163097  1.        
 5.80623637  5.90630154  1.        
 5.85340104  5.76159105  1.        
 5.44821586  5.64100172  1.        
 6.22485232  7.1853833   1.        
 6.82319579  6.2897471   1.        
 5.76011658  5.52364414  1.        
 6.14086709  6.92055623  1.        
 6.46004817  6.95160142  1.        
 6.14895825  5.79886735  1.        
 5.7819978   5.33791425  1.        
 6.77259654  6.19177455  1.        
 5.68071593  5.31024677  1.        
 5.42591233  5.78324416  1.        
 6.56622452  5.72884244  1.        
 5.45721712  6.5862035   1.        
 7.05455797  5.89843865  1.        
 5.45567951  5.48918924  1.        
 5.34987611  6.51304703  1.        
 5.73419848  6.20629183  1.        
 6.25060142  5.91931343  1.        
 6.38625003  6.42618895  1.        
 6.15133239  5.62843231  1.        
 5.99738678  5.48605206  1.        
 5.71534287  5.65524859  1.        
 6.50324371  5.54253354  1.        
 5.61170163  7.16418894  1.        
 5.6902297   5.67846361  1.        
 5.35329471  6.68559531  1.        
 6.16119581  6.58525181  1.        
 3.81871923  3.83111388  1.        
 4.64717684  3.66454581  1.        
 3.7959571   4.09452585  1.        
 3.00241378  3.82990678  1.        
 3.23388805  3.8552465   1.        
