 43.09506527  43.29841156  -1.        
 43.0005723   42.89989554  -1.        
 42.84079399  43.01942688  -1.        
 42.42439585  43.7169444   -1.        
 43.70717782  43.55154836  -1.        
 42.61950911  42.57621604  -1.        
 42.6922652   43.35018027  -1.        
 43.79012348  43.58152617  -1.        
 43.14140186  42.69612631  -1.        
 42.47954753  44.08357521  -1.        
 43.91859237  42.87542     -1.        
 43.14028836  42.92152041  -1.        
 42.76719633  43.09831514  -1.        
 42.53705705  42.74672018  -1.        
 43.29534264  43.4497131   -1.        
 43.00771359  43.05600507  -1.        
 42.01752734  42.16856056  -1.        
 42.67763613  42.82342732  -1.        
 42.97754467  43.72449716  -1.        
 42.35571112  42.88589028  -1.        
 43.05999032  42.98631105  -1.        
 43.3471369   42.66784448  -1.        
 43.43789398  42.93586194  -1.        
 43.40770523  42.19179157  -1.        
 42.18620993  43.56530692  -1.        
 43.38757511  43.56435536  -1.        
 42.72650902  43.48466806  -1.        
 42.75994152  43.18421984  -1.        
 42.6257624   43.37662404  -1.        
 42.165074    42.86195488  -1.        
 43.71732705  43.95045614  -1.        
 42.88738657  43.71238209  -1.        
 43.53613824  42.38893125  -1.        
 42.22587425  42.91284706  -1.        
 43.34100456  42.68729034  -1.        
 43.08872232  43.00625763  -1.        
 43.54926788  43.13756166  -1.        
 44.03137495  43.33488887  -1.        
 43.02902167  44.39564464  -1.        
 42.83774766  42.22976997  -1.        
 42.50048152  42.48487379  -1.        
 42.98368871  43.55581954  -1.        
 42.61606131  43.44880526  -1.        
 42.48446609  42.52480619  -1.        
 42.56179352  43.25866011  -1.        
 45.31752052  45.09596902  -1.        
 44.45306037  44.21088999  -1.        
 44.78631175  44.9738592   -1.        
 44.57434985  44.93105148  -1.        
 44.6786315  45.3751374  -1.       
 45.07482605  44.20778458   1.        
 45.50450927  44.67119835   1.        
 44.31499456  45.04168557   1.        
 45.04835992  44.60494754   1.        
 45.30940071  44.93267444   1.        
 45.08092427  44.27542557   1.        
 43.87690423  45.13731354   1.        
 45.43797987  45.15278517   1.        
 44.35209422  45.37020655   1.        
 44.49052072  45.13917395   1.        
 45.57764258  45.14794551   1.        
 44.78655648  45.38038292   1.        
 45.34082722  45.26180008   1.        
 45.02156885  45.72030736   1.        
 45.19912465  44.38506169   1.        
 45.16838858  43.93840539   1.        
 45.36521989  45.61231748   1.        
 45.2487812  45.6766488   1.       
 46.22718956  46.08637786   1.        
 44.45821193  44.83799775   1.        
 44.62907514  44.8258976    1.        
 45.92093032  44.99996231   1.        
 45.31816015  44.28444388   1.        
 44.48151252  44.99198289   1.        
 44.91714167  45.03735288   1.        
 45.27511431  44.24340376   1.        
 44.03394381  45.19455596   1.        
 45.04775398  43.88542942   1.        
 44.68192146  45.04921894   1.        
 44.86173618  44.08352356   1.        
 44.18005515  45.38548048   1.        
 45.96347746  44.83961678   1.        
 44.8196268   45.44344821   1.        
 45.36500376  45.10424291   1.        
 45.65027865  44.77430132   1.        
 44.70379131  45.13235118   1.        
 45.07242382  44.59902106   1.        
 44.41892133  45.26282861   1.        
 44.2061164   44.88706324   1.        
 44.88447906  44.68509603   1.        
 45.14927015  45.06559622   1.        
 45.01032971  44.76030456   1.        
 45.1299022   45.23300971   1.        
 45.71738647  44.33814307   1.        
 44.62178531  45.68873      1.        
 42.50774694  43.0478834    1.        
 42.40157004  43.55016646   1.        
 43.7999872   43.34674118   1.        
 43.2563481   42.24139838   1.        
 43.00211383  42.9887076    1.        
