 35.31726102  35.19934958  -1.        
 35.04721611  35.99777266  -1.        
 34.96109943  35.91427661  -1.        
 34.98873377  34.84080747  -1.        
 35.32824407  34.78751317  -1.        
 35.99362747  35.9660983   -1.        
 35.25238545  35.71699867  -1.        
 35.14479497  34.67475577  -1.        
 35.79501626  35.24218353  -1.        
 35.3326885   35.75963684  -1.        
 35.13716552  35.49914624  -1.        
 36.32751903  35.20232148  -1.        
 35.38725693  35.64365666  -1.        
 36.0028534  34.1908673  -1.       
 35.74598902  36.68346812  -1.        
 35.54524073  34.87723761  -1.        
 35.69607465  35.65592243  -1.        
 36.50172546  35.61892467  -1.        
 35.63645265  36.37680842  -1.        
 36.51684143  36.36506478  -1.        
 35.21365348  35.82977083  -1.        
 35.23516251  34.77924351  -1.        
 35.66214889  35.74858401  -1.        
 35.52206256  35.14585303  -1.        
 34.80858554  36.0271867   -1.        
 34.74779881  36.26476302  -1.        
 36.6672487   35.76849535  -1.        
 35.35583014  35.89206537  -1.        
 34.93293741  34.70723096  -1.        
 36.52008944  36.08029236  -1.        
 35.63234959  35.80991913  -1.        
 35.41652182  35.75466448  -1.        
 35.00973241  35.45580939  -1.        
 35.2294187   36.12840661  -1.        
 35.6348114   34.96098358  -1.        
 35.47091415  36.73280678  -1.        
 35.01453574  35.88116138  -1.        
 35.80461276  34.79750609  -1.        
 35.12807937  35.46785142  -1.        
 35.62687211  35.43870561  -1.        
 35.1595174  35.3611607  -1.       
 35.88987395  35.04702702  -1.        
 35.28848407  35.68077653  -1.        
 35.410392    35.38594276  -1.        
 35.91102778  35.58682589  -1.        
 37.18824017  36.80626166  -1.        
 37.02199327  38.45687991  -1.        
 37.84272549  37.2851699   -1.        
 38.71813494  37.94453931  -1.        
 36.99164597  37.28248798  -1.        
 37.13038425  37.9406572    1.        
 37.8611126   37.32508281   1.        
 37.04853661  37.90260875   1.        
 37.32339193  37.58930812   1.        
 37.51512851  37.59530454   1.        
 37.26903251  36.46316885   1.        
 38.13683752  36.7779595    1.        
 37.73567934  36.59802361   1.        
 37.32693399  37.96565802   1.        
 36.81133933  37.40061989   1.        
 37.39898367  37.18884259   1.        
 38.14119809  38.07862576   1.        
 37.09391448  38.02184002   1.        
 37.47222902  37.93668684   1.        
 35.78213106  37.33741099   1.        
 37.83699651  37.949425     1.        
 38.34816838  37.06346058   1.        
 36.49928763  37.03421228   1.        
 37.24882499  37.65979663   1.        
 38.60425904  37.40168894   1.        
 37.92255909  37.8145772    1.        
 37.81988035  37.89844283   1.        
 36.88771834  37.66073484   1.        
 38.26720457  37.63835623   1.        
 37.79633226  37.8856189    1.        
 37.44100913  37.14643052   1.        
 36.61724165  36.78103608   1.        
 37.28480447  37.19227345   1.        
 36.58306461  36.78898724   1.        
 38.12093685  38.06431765   1.        
 37.91746931  37.9525322    1.        
 36.47024753  37.0728014    1.        
 36.96290215  37.23669846   1.        
 37.29362124  36.85806742   1.        
 37.97059502  37.20845357   1.        
 37.96837425  38.33483003   1.        
 37.55928242  37.77140768   1.        
 37.16842447  37.93778498   1.        
 37.34670175  36.66555938   1.        
 37.81698401  38.08486121   1.        
 37.42234197  37.56928482   1.        
 37.49256386  37.31737209   1.        
 36.58457453  37.5201417    1.        
 37.91767597  38.22887211   1.        
 38.12284358  37.55907937   1.        
 35.46259249  36.44392441   1.        
 35.3200308   34.91944721   1.        
 35.40433796  34.92783203   1.        
 36.14367702  35.58166775   1.        
 35.96634     35.32410477   1.        
