 29.67219045  29.05872139  -1.        
 29.98351452  29.58940196  -1.        
 29.49777849  29.92357556  -1.        
 30.15886587  28.66929758  -1.        
 29.69108279  30.51146522  -1.        
 29.43219086  29.98185558  -1.        
 28.87398041  30.03901365  -1.        
 29.03065311  29.87198373  -1.        
 29.96809764  30.02967072  -1.        
 29.62529419  29.54830767  -1.        
 28.33995099  29.11534854  -1.        
 29.03811711  29.52773152  -1.        
 28.55489434  29.47460898  -1.        
 29.15467233  29.02457831  -1.        
 29.81666332  29.09410438  -1.        
 28.85008639  29.78950538  -1.        
 30.10331774  28.87254707  -1.        
 29.58853874  29.26259492  -1.        
 29.05369509  30.25146969  -1.        
 28.66817945  29.22461636  -1.        
 29.24839753  30.03948781  -1.        
 29.12423154  30.94451846  -1.        
 30.63515008  29.67964941  -1.        
 30.49597361  29.35894002  -1.        
 28.63089695  29.93999944  -1.        
 29.87158523  30.38067955  -1.        
 28.88879896  30.29735163  -1.        
 29.5156799   30.29165589  -1.        
 30.05421367  29.91759089  -1.        
 29.72349452  29.08351888  -1.        
 29.19750656  28.94423409  -1.        
 29.11071882  29.02430996  -1.        
 29.49058032  29.46867092  -1.        
 29.59784463  30.01879263  -1.        
 29.56512439  28.9982279   -1.        
 28.70567483  29.22668978  -1.        
 29.38345183  29.65616284  -1.        
 29.24638014  30.20864293  -1.        
 29.55317563  29.79686406  -1.        
 30.42010009  29.67827324  -1.        
 29.96005966  29.34957636  -1.        
 30.15762542  28.86351069  -1.        
 29.68579729  29.2861426   -1.        
 29.3365319  29.7545871  -1.       
 28.97178525  29.90467044  -1.        
 31.6014838   32.08933674  -1.        
 31.22886168  30.97140294  -1.        
 31.25595596  31.29776349  -1.        
 31.02145411  32.20991648  -1.        
 30.92451578  32.12883883  -1.        
 30.71242934  30.42946104   1.        
 31.20715372  31.58311638   1.        
 31.76250551  31.6498626    1.        
 31.46480682  31.05040359   1.        
 31.8437723   31.42496439   1.        
 30.02464928  31.04377182   1.        
 31.24613396  31.48448351   1.        
 31.38186367  30.32684262   1.        
 31.51898395  32.29644472   1.        
 31.43686255  31.85612958   1.        
 31.76165239  31.90864909   1.        
 30.79629674  31.84350016   1.        
 31.97218681  31.40318074   1.        
 30.42972062  32.3361733    1.        
 30.84322822  31.54448694   1.        
 31.55409669  30.89813578   1.        
 31.03527931  32.08658321   1.        
 31.02604315  31.24273976   1.        
 31.06231894  31.44474363   1.        
 31.62024344  31.23509659   1.        
 30.78974552  31.0572748    1.        
 31.1227143   31.57794593   1.        
 31.61646155  31.32151425   1.        
 30.91552386  31.5763008    1.        
 31.48136461  31.0721789    1.        
 30.8640446   31.09365704   1.        
 32.12962946  31.53958762   1.        
 31.63604401  30.96906163   1.        
 31.32943245  31.01985125   1.        
 31.89047998  31.56000273   1.        
 31.54771768  31.31496556   1.        
 31.52312047  30.44673823   1.        
 32.0837488   31.56339047   1.        
 31.67102683  30.50052784   1.        
 31.16805918  31.41161682   1.        
 30.42313354  31.93903376   1.        
 31.24328365  30.61275451   1.        
 31.35522042  31.58475767   1.        
 32.03890819  31.17354985   1.        
 31.10149765  31.91988783   1.        
 31.68361819  31.19280745   1.        
 31.17035654  31.48027075   1.        
 31.78048681  31.67518478   1.        
 30.72917143  31.96970213   1.        
 31.00260339  31.95472733   1.        
 29.93644711  29.80919494   1.        
 29.22670261  29.54489971   1.        
 28.89604583  29.00226015   1.        
 29.48415291  29.80206767   1.        
 29.24423223  28.8893737    1.        
