 45.11430265  44.17901714  -1.        
 44.1853202   44.03425337  -1.        
 44.67297942  44.56547552  -1.        
 45.2349113  45.0714247  -1.       
 44.15088845  44.1951148   -1.        
 44.19389642  45.09677141  -1.        
 45.00091792  44.41998985  -1.        
 44.96810986  44.96618422  -1.        
 44.23980912  44.20224699  -1.        
 43.58458322  44.4564708   -1.        
 44.69397542  44.86675358  -1.        
 44.5632635  45.1794423  -1.       
 44.85543475  44.93576923  -1.        
 44.03603873  44.66078974  -1.        
 44.45182727  43.72452584  -1.        
 44.06326424  44.39999851  -1.        
 44.20325767  45.13178249  -1.        
 43.34661877  45.38129151  -1.        
 44.07749405  44.13381334  -1.        
 44.88611224  44.41376723  -1.        
 44.31399998  44.70169877  -1.        
 44.67252336  43.82387844  -1.        
 44.08760938  44.97615598  -1.        
 44.64566853  44.34831746  -1.        
 44.98027685  45.30756029  -1.        
 44.11229529  44.69035513  -1.        
 44.91173905  45.39653496  -1.        
 44.73840589  44.1591538   -1.        
 44.56541061  44.88387234  -1.        
 44.49529607  44.63889804  -1.        
 44.39491241  44.17923033  -1.        
 44.27290196  44.54079045  -1.        
 45.34232554  45.2451784   -1.        
 44.6947577   43.84457089  -1.        
 43.91956913  44.09143287  -1.        
 44.53404717  45.10251929  -1.        
 44.83790977  44.15910301  -1.        
 44.24758803  44.47879283  -1.        
 44.52556164  45.44011892  -1.        
 44.66545701  45.03364583  -1.        
 44.09468358  45.52621865  -1.        
 44.27572071  44.81525656  -1.        
 44.3492059   44.68950803  -1.        
 45.12586827  45.1487077   -1.        
 44.32070406  43.84060706  -1.        
 45.38230659  46.3204047   -1.        
 46.64634911  45.87943732  -1.        
 46.23644345  46.2953089   -1.        
 45.37201015  45.79773109  -1.        
 45.95738494  47.63720304  -1.        
 46.7713728   46.20436048   1.        
 46.62288352  45.94734998   1.        
 46.74229615  46.98494036   1.        
 46.76565979  47.01823773   1.        
 46.5383709   47.15267202   1.        
 46.07299995  45.94120532   1.        
 46.45677979  46.70636334   1.        
 46.79958684  46.3826939    1.        
 46.97058321  45.997466     1.        
 46.61671509  45.94755709   1.        
 45.68501067  46.60666252   1.        
 46.40931887  46.4494446    1.        
 47.35170658  46.60971711   1.        
 46.62012822  47.13640952   1.        
 47.0600338   45.79489579   1.        
 46.74194118  46.13828714   1.        
 46.77397571  46.82757157   1.        
 47.01291361  45.71534919   1.        
 45.8774654   46.68817506   1.        
 46.41294694  46.05632543   1.        
 47.27911069  46.6943588    1.        
 46.90188595  46.34585801   1.        
 46.48416559  46.5339928    1.        
 45.94646288  46.90452478   1.        
 46.73388098  46.68594888   1.        
 47.03349303  47.18546913   1.        
 46.40565299  46.34811861   1.        
 47.28009162  46.76227054   1.        
 46.65807095  47.00069595   1.        
 46.50975861  47.13954123   1.        
 46.29021998  46.2573831    1.        
 45.20725573  46.17211135   1.        
 46.58825628  46.66454172   1.        
 47.12171228  46.27950528   1.        
 47.10960516  46.3585781    1.        
 47.37723378  46.71548856   1.        
 46.33284427  47.51972572   1.        
 47.19525405  45.4533592    1.        
 46.76361578  46.09693818   1.        
 46.06716103  46.40287736   1.        
 46.05230568  46.12411159   1.        
 46.53920117  46.205993     1.        
 47.34819528  47.32708669   1.        
 47.14427874  47.22249747   1.        
 46.26822837  45.47812392   1.        
 45.24070804  43.40388288   1.        
 44.73267444  44.32698784   1.        
 44.62783667  44.26476731   1.        
 44.76216235  45.23379931   1.        
 44.45417788  45.15332793   1.        
