 134.59637005  134.18322265   -1.        
 134.01067709  133.98824761   -1.        
 134.30333505  134.81518333   -1.        
 135.89725948  134.32698829   -1.        
 134.54749824  134.56492677   -1.        
 134.07708743  134.51522435   -1.        
 134.51265772  134.0947232    -1.        
 134.31651281  134.22818489   -1.        
 135.16392844  134.65033809   -1.        
 134.20777648  135.15889809   -1.        
 134.15132029  133.54901999   -1.        
 134.75215794  134.45326195   -1.        
 133.96134699  133.9775634    -1.        
 134.93066755  135.33018242   -1.        
 134.28498362  134.63675303   -1.        
 134.11768894  134.37168756   -1.        
 134.5678763   134.77205792   -1.        
 134.50679892  134.13724685   -1.        
 134.21042843  134.21249395   -1.        
 134.2395173   134.74527278   -1.        
 134.72737758  134.28979832   -1.        
 133.57837221  134.68488081   -1.        
 134.04833011  135.40699317   -1.        
 134.10107394  134.94449339   -1.        
 134.49121563  134.16798962   -1.        
 133.42374219  134.76054333   -1.        
 134.05510894  134.72321464   -1.        
 134.4474175   134.50777204   -1.        
 134.92559324  135.200463     -1.        
 134.69169069  134.12546755   -1.        
 134.26032421  133.91132193   -1.        
 134.41111053  135.03816478   -1.        
 134.39526734  134.9671528    -1.        
 134.23384002  135.89849242   -1.        
 134.43415391  135.10632769   -1.        
 134.28345969  134.85072824   -1.        
 135.11576974  133.45044181   -1.        
 134.23049868  134.16351366   -1.        
 135.26818868  133.53828061   -1.        
 134.5006387   134.96370358   -1.        
 134.3841553   134.45771679   -1.        
 135.41703344  133.86169826   -1.        
 134.26295349  133.97216861   -1.        
 135.17312001  134.22259287   -1.        
 133.72324735  134.68006371   -1.        
 137.06709222  136.83129887   -1.        
 137.20396906  136.41737695   -1.        
 136.64649303  136.88000224   -1.        
 136.51640171  135.69091717   -1.        
 136.53353007  137.20676433   -1.        
 136.82564019  137.12473259    1.        
 136.3791467   136.00430968    1.        
 136.82040254  136.86072438    1.        
 136.35039282  137.19871495    1.        
 137.13175139  137.31362192    1.        
 135.74410837  137.07640762    1.        
 137.349115    136.89398425    1.        
 136.05097674  136.98558501    1.        
 136.32398496  137.0125448     1.        
 136.89813446  136.09738118    1.        
 136.22369978  135.6144449     1.        
 136.41922561  136.39129135    1.        
 136.55536147  136.07698596    1.        
 136.57190153  136.28332799    1.        
 136.4220167   137.28371321    1.        
 136.33202596  136.87038457    1.        
 135.94338066  137.12702411    1.        
 136.99806814  136.78357746    1.        
 136.42719061  136.20725231    1.        
 136.97868485  136.22607153    1.        
 136.43354779  136.22928835    1.        
 136.13209555  136.7497754     1.        
 136.55055274  136.30276133    1.        
 135.98451708  136.04586894    1.        
 136.49558818  136.34463007    1.        
 137.10772874  136.46956341    1.        
 135.59226629  136.53984061    1.        
 135.63949113  136.22525708    1.        
 136.23706328  136.09321043    1.        
 136.01590585  136.07463725    1.        
 136.56239843  138.03713337    1.        
 136.69828004  135.96219857    1.        
 136.45366559  136.70600206    1.        
 136.2435011   136.37496539    1.        
 136.63872689  137.3052082     1.        
 135.9074048   135.72337811    1.        
 136.05016448  136.95273673    1.        
 136.69694707  136.99234102    1.        
 136.35932972  136.31953354    1.        
 136.11473355  136.57245991    1.        
 136.70771432  136.78832516    1.        
 136.68408862  134.70390614    1.        
 136.52572626  136.22169921    1.        
 135.71923513  136.53706188    1.        
 136.90713068  136.56729153    1.        
 134.91530213  134.1805836     1.        
 134.77218991  133.99742027    1.        
 135.08320917  134.14661416    1.        
 134.86138317  134.42039772    1.        
 134.88522792  134.70967772    1.        
