 15.23094633  15.74757577  -1.        
 16.35783107  15.67419071  -1.        
 15.8279093   15.91826291  -1.        
 16.23837387  15.8209875   -1.        
 15.80044903  15.82284513  -1.        
 16.22551434  15.61329319  -1.        
 16.96327284  15.80429291  -1.        
 15.77500791  16.24476816  -1.        
 15.51340222  15.97324995  -1.        
 15.83424144  16.26233876  -1.        
 15.74784038  15.78513627  -1.        
 16.87303708  16.19738941  -1.        
 16.05008988  15.99518596  -1.        
 16.24474053  15.94950119  -1.        
 16.54488904  16.68064406  -1.        
 16.17833332  16.52008402  -1.        
 15.95299552  15.93365641  -1.        
 16.35579208  16.47698938  -1.        
 16.18411445  15.61277173  -1.        
 16.18456643  17.25772636  -1.        
 16.37685429  16.04657917  -1.        
 16.56481666  16.40992148  -1.        
 16.67167493  15.15552091  -1.        
 15.62235895  16.57764578  -1.        
 15.33183103  16.23470639  -1.        
 16.27492203  16.27902135  -1.        
 14.89585966  16.04687639  -1.        
 15.59323344  16.02428695  -1.        
 14.98614602  16.39078877  -1.        
 15.86771928  16.18817804  -1.        
 15.66727854  15.31210827  -1.        
 16.23027066  16.2930096   -1.        
 15.69401485  15.54489334  -1.        
 15.91650399  16.11772073  -1.        
 15.74428906  16.17358933  -1.        
 16.25236469  16.2904823   -1.        
 16.27439242  16.51535871  -1.        
 16.41209006  15.64010822  -1.        
 16.01124734  15.70097977  -1.        
 15.42777281  16.14464801  -1.        
 16.38089269  16.95381472  -1.        
 15.55802254  15.92453397  -1.        
 16.73185008  15.78310036  -1.        
 16.36962532  15.37713809  -1.        
 15.35188908  16.14465382  -1.        
 18.40629554  17.47949164  -1.        
 18.39593925  17.34767753  -1.        
 18.68110666  17.67004918  -1.        
 17.08864986  17.78213612  -1.        
 18.45329236  17.50142464  -1.        
 18.09936193  17.44556832   1.        
 18.00589979  18.38080706   1.        
 18.28628072  17.62965413   1.        
 17.92520301  17.96730096   1.        
 17.95497828  17.36069146   1.        
 17.36832519  17.63142884   1.        
 17.59854302  17.99094231   1.        
 18.39969491  17.15839922   1.        
 18.60052061  17.84627173   1.        
 17.29298162  18.23544057   1.        
 18.38849127  17.17903985   1.        
 18.44879158  17.43547679   1.        
 17.9288401   18.20735319   1.        
 18.00695955  17.53826759   1.        
 18.60550309  17.46278546   1.        
 18.02110052  18.25370762   1.        
 18.39829862  18.43035976   1.        
 19.24485203  17.74773019   1.        
 18.61271601  18.1315406    1.        
 18.17486879  17.98141761   1.        
 17.26995799  17.71975229   1.        
 17.75495696  18.1935989    1.        
 17.91733165  17.6920812    1.        
 18.10757349  17.78078464   1.        
 18.1758665   17.77681774   1.        
 17.82538464  17.68704163   1.        
 17.74920173  17.46950095   1.        
 17.81634109  17.70201921   1.        
 17.82774771  17.63894717   1.        
 18.21895715  17.96972758   1.        
 17.87773796  18.32055097   1.        
 18.11865779  18.08179081   1.        
 18.40953143  18.09512992   1.        
 17.96921527  18.16243429   1.        
 18.2244196   18.21441639   1.        
 17.66135394  18.84450337   1.        
 17.90424393  17.68243957   1.        
 18.49504834  17.43056166   1.        
 17.92578375  17.83040455   1.        
 18.59375202  17.51659353   1.        
 18.09368113  18.46598051   1.        
 18.26629727  18.04204223   1.        
 18.01404118  17.68549752   1.        
 17.58633425  18.08030339   1.        
 17.51376922  17.99302916   1.        
 15.73093016  15.5319517    1.        
 15.88712943  16.15423636   1.        
 15.80890451  15.3238656    1.        
 16.01544775  16.11390751   1.        
 15.50371893  15.99052546   1.        
