 128.44852162  128.91377969   -1.        
 128.96897716  128.44424939   -1.        
 128.62502539  128.78155432   -1.        
 127.80771831  128.7898392    -1.        
 128.28649437  128.61805929   -1.        
 128.67297434  128.64776693   -1.        
 128.40125484  128.80504155   -1.        
 128.87693416  129.10972953   -1.        
 129.11248875  128.64159118   -1.        
 128.35845086  128.06704614   -1.        
 128.0466727   128.44400805   -1.        
 128.58503317  128.99794355   -1.        
 128.62283401  128.33442759   -1.        
 128.69603887  128.62244046   -1.        
 128.63672746  127.0858874    -1.        
 128.22852608  128.39144248   -1.        
 127.93906737  128.18920962   -1.        
 128.70162648  128.07972748   -1.        
 128.58802348  127.84764005   -1.        
 128.29051037  128.2687279    -1.        
 128.87524561  128.89208557   -1.        
 128.60863823  127.90374172   -1.        
 127.6621849   129.02720128   -1.        
 128.64609012  128.83967315   -1.        
 127.94852177  127.57899752   -1.        
 128.78354011  127.82848449   -1.        
 128.09805863  128.99207877   -1.        
 127.94948708  128.49228466   -1.        
 128.59142785  127.99351232   -1.        
 129.03518855  128.5681183    -1.        
 128.59353882  128.53608006   -1.        
 127.80357599  127.85898033   -1.        
 127.95047253  128.56221916   -1.        
 128.43684144  129.25481116   -1.        
 128.77617564  128.95066377   -1.        
 128.83871217  127.54473766   -1.        
 128.55977891  128.85677852   -1.        
 129.0910656  128.5470777   -1.       
 127.79886013  128.47450786   -1.        
 128.58723696  128.92555074   -1.        
 128.97799319  128.67655473   -1.        
 128.46844807  128.08036246   -1.        
 128.43885454  127.6977424    -1.        
 129.3467611  129.4449042   -1.       
 128.09256873  128.63445619   -1.        
 129.71803663  130.57921254   -1.        
 130.31997383  130.56973345   -1.        
 131.19945818  131.10425027   -1.        
 130.51153733  129.28436263   -1.        
 129.76484239  129.72047399   -1.        
 130.17890535  131.10032941    1.        
 131.4901276   130.77227355    1.        
 131.0133985  130.3292       1.       
 130.25372968  129.53486624    1.        
 130.058373    131.36714868    1.        
 131.36639665  130.33206636    1.        
 129.98188705  130.46792785    1.        
 130.58565278  131.01164116    1.        
 130.38349601  130.90306506    1.        
 130.77057737  130.3819011     1.        
 130.27732385  130.15389035    1.        
 130.60118607  130.96231165    1.        
 130.02636497  131.58445506    1.        
 131.28249644  131.10686514    1.        
 131.02384651  130.59142024    1.        
 130.29868709  131.16613369    1.        
 129.52261698  130.5347207     1.        
 130.65051437  131.13821457    1.        
 130.43918153  130.23342871    1.        
 130.84405255  130.72458803    1.        
 130.45111148  130.48394031    1.        
 129.0776984  130.8434723    1.       
 130.92868655  130.63529357    1.        
 129.91202079  130.61278573    1.        
 130.95341434  129.75110441    1.        
 130.24236578  130.12714584    1.        
 131.21044917  129.70454543    1.        
 131.02937289  130.74614324    1.        
 130.56563595  130.25946746    1.        
 131.04560867  129.98074588    1.        
 131.27664498  130.19419698    1.        
 129.90438586  130.52368098    1.        
 130.79281933  130.14006605    1.        
 130.46707809  130.19061517    1.        
 130.52406517  130.83793935    1.        
 130.51123349  131.05383981    1.        
 130.90241301  130.74072215    1.        
 131.77920949  130.25739872    1.        
 130.78634024  130.86353679    1.        
 129.42518738  130.85259076    1.        
 130.04267133  131.02148787    1.        
 130.85833464  130.1671776     1.        
 130.50972258  130.56511436    1.        
 130.2449963   130.49937082    1.        
 129.6852326   130.71839669    1.        
 129.33791584  128.81597144    1.        
 129.17739044  128.08512972    1.        
 128.69892893  128.52522602    1.        
 128.50579248  128.12961476    1.        
 129.38514573  128.77202742    1.        
