 8.8114052   7.64576274 -1.        
 7.83172531  8.95614562 -1.        
 8.32660791  8.49553732 -1.        
 8.7224999   8.19661362 -1.        
 8.65756923  9.33932426 -1.        
 8.30951846  8.4833516  -1.        
 7.90623701  8.2223225  -1.        
 8.65818118  8.56907262 -1.        
 7.7756684  8.7656387 -1.       
 8.09008261  8.21944168 -1.        
 8.29879798  9.13939078 -1.        
 8.67342269  9.00398719 -1.        
 8.74771523  8.08990884 -1.        
 7.39800484  9.05214186 -1.        
 8.72186928  7.75082621 -1.        
 9.06728979  9.03407538 -1.        
 8.13786094  8.45847612 -1.        
 8.22546548  8.46601004 -1.        
 7.35384037  8.9849889  -1.        
 8.72433007  8.35533073 -1.        
 8.29815649  8.57073933 -1.        
 9.48103682  7.33532076 -1.        
 7.87208326  8.15677097 -1.        
 8.23707334  8.57864192 -1.        
 8.31675443  8.52661848 -1.        
 8.79779292  8.7795971  -1.        
 8.10129678  8.16074204 -1.        
 8.4486055   8.02208776 -1.        
 8.44509754  9.19063899 -1.        
 8.73237382  8.75346137 -1.        
 8.59901972  8.99561979 -1.        
 7.4896525   8.33047418 -1.        
 8.52892955  7.98131984 -1.        
 9.02555461  7.87006791 -1.        
 8.82815301  7.96259824 -1.        
 8.33984525  8.60554644 -1.        
 8.1387234   8.64430154 -1.        
 8.3260275  8.0244982 -1.       
 8.86018412  8.90839503 -1.        
 8.60770234  8.50182335 -1.        
 7.73995607  7.90045934 -1.        
 8.4874067   9.66429117 -1.        
 9.21039077  8.86832779 -1.        
 8.47548675  7.93004172 -1.        
 8.37883987  7.8090308  -1.        
 10.71164329  11.24448532  -1.        
 10.52950167   9.37181482  -1.        
  9.65687104  10.65077874  -1.        
 10.18691284   9.85281609  -1.        
 10.20394239  10.81507561  -1.        
 10.86737337  10.57709384   1.        
  9.94357246  11.15594148   1.        
 10.07672825  10.60416569   1.        
 10.89619854  10.55899893   1.        
 10.43798581   9.85543633   1.        
 10.12353905  11.02310334   1.        
 10.31137569  10.7377417    1.        
 10.90425286   9.99687941   1.        
  9.25848729  11.02146638   1.        
 10.31676831  11.14749859   1.        
 11.20798852   9.9667761    1.        
 10.29623595  11.23084352   1.        
 11.49067909  10.35825872   1.        
 10.3835763   10.90316388   1.        
  9.77005069  11.5952371    1.        
 10.86358842   9.71873936   1.        
 10.40096684  10.68874015   1.        
 10.36487467  10.7889421    1.        
 10.71868107   9.98463714   1.        
 10.35436518  10.75174476   1.        
 10.81908606  10.36352269   1.        
 10.62900117  10.38729229   1.        
 10.30122523  11.08579574   1.        
 10.40903131  10.02975452   1.        
 11.04578416  11.65739462   1.        
 10.33652822   9.80303228   1.        
 10.93089015   9.80510447   1.        
 10.61366743  10.79414402   1.        
 10.89709935  11.05112262   1.        
 10.72690996   9.93522901   1.        
 10.36379843  10.77324248   1.        
 10.63528885  10.01749808   1.        
 10.88798571   9.95717673   1.        
 10.68907607   9.77727271   1.        
 10.62393579  11.07652617   1.        
 10.34171728  10.70088862   1.        
 11.26268416  10.29221124   1.        
 10.63739786  10.75590991   1.        
 10.15098044  10.29584781   1.        
  9.90431689  10.02071911   1.        
 10.42546323  10.24541503   1.        
 10.56759822  10.07577452   1.        
 10.28377313   9.93567329   1.        
 10.63240198  10.69277328   1.        
  9.50465252  10.56698038   1.        
 8.04500554  8.65867859  1.        
 8.68011678  7.4046083   1.        
 8.32516357  7.70468652  1.        
 9.01593577  8.67126348  1.        
 8.2102491  8.9885896  1.       
