 41.35936983  41.45362475  -1.        
 40.40985563  41.2323872   -1.        
 40.91441255  42.17507391  -1.        
 41.74744957  41.25583208  -1.        
 41.63785934  40.86268796  -1.        
 42.13718072  41.46198853  -1.        
 40.81906421  41.6425801   -1.        
 41.30744219  42.13583566  -1.        
 41.89399194  41.57575554  -1.        
 41.21026993  40.68371841  -1.        
 42.03040254  40.82060135  -1.        
 41.49510432  42.01350244  -1.        
 41.52656573  41.82325076  -1.        
 42.38324275  41.39667978  -1.        
 40.62243476  41.20839168  -1.        
 42.43135712  41.34974085  -1.        
 41.25227283  41.77779474  -1.        
 41.40554723  41.80853675  -1.        
 41.13700745  41.15449197  -1.        
 40.8865702   41.79042503  -1.        
 41.11701156  40.83090827  -1.        
 41.06635565  41.02278108  -1.        
 41.14215034  41.63370732  -1.        
 40.83644412  41.59074457  -1.        
 42.02823816  42.23141487  -1.        
 41.59710982  41.94975147  -1.        
 41.15701683  41.50978092  -1.        
 41.54744994  42.00103066  -1.        
 41.24897089  41.38382353  -1.        
 41.07170777  41.01016806  -1.        
 41.30481944  41.71106127  -1.        
 41.93841584  41.81421381  -1.        
 42.07324863  41.38503371  -1.        
 41.33169005  42.00515858  -1.        
 42.0653588   41.72357589  -1.        
 42.00757573  41.61892743  -1.        
 41.84331112  41.65133875  -1.        
 41.92220545  40.47276764  -1.        
 40.9187973   42.02436891  -1.        
 41.13961413  40.98530837  -1.        
 41.78951378  40.65677925  -1.        
 41.97085581  40.87141289  -1.        
 40.84431926  41.77038991  -1.        
 41.95602057  42.34532271  -1.        
 41.64920935  41.67380897  -1.        
 43.63468124  43.91483284  -1.        
 43.54999513  43.54739228  -1.        
 43.22324991  43.75365263  -1.        
 42.29204391  43.53470081  -1.        
 43.17809997  43.48831699  -1.        
 43.54415064  43.28587569   1.        
 44.25070591  43.082179     1.        
 43.7388331   43.55063529   1.        
 43.3655883   43.76089414   1.        
 42.98316117  43.45186247   1.        
 43.553454    43.59912432   1.        
 43.07184833  43.77200187   1.        
 43.21987226  43.32186854   1.        
 43.03598232  44.49431087   1.        
 42.60068281  43.29938095   1.        
 42.38087967  43.66511188   1.        
 42.80183348  43.737384     1.        
 43.17741956  43.7037061    1.        
 43.46197213  43.06477056   1.        
 42.67683268  42.73478665   1.        
 42.3848728   43.03893452   1.        
 43.34720209  43.54410014   1.        
 43.0264451   43.73031639   1.        
 43.86561479  43.59302731   1.        
 43.37040288  43.04594048   1.        
 43.05870429  43.70998798   1.        
 43.08472988  43.14132591   1.        
 43.32590864  43.81244397   1.        
 43.85915331  43.06568201   1.        
 44.461595    43.20219542   1.        
 44.19072402  44.13522872   1.        
 44.41322385  43.98112046   1.        
 44.42402786  43.35839774   1.        
 44.45193114  42.76807061   1.        
 44.41120628  44.61872611   1.        
 43.16004001  43.80708126   1.        
 44.16216052  43.31912484   1.        
 44.2860107   43.73387407   1.        
 42.89615498  43.45148424   1.        
 42.24699719  43.19006728   1.        
 44.65838376  43.11039562   1.        
 43.64109468  43.4569253    1.        
 43.15266738  43.93736504   1.        
 42.97359519  43.62095606   1.        
 43.4886591   43.12366805   1.        
 43.28673182  43.83275762   1.        
 43.99665575  44.65373604   1.        
 43.97980272  43.61815636   1.        
 43.95020168  43.75339506   1.        
 43.11423899  43.10014667   1.        
 41.59673702  41.44317902   1.        
 42.14350146  41.35448105   1.        
 40.85399256  40.89301241   1.        
 42.32634894  41.52477454   1.        
 41.58959428  42.27670107   1.        
