 133.0200403  133.8570167   -1.       
 132.93828427  133.14182595   -1.        
 132.38459128  133.11293929   -1.        
 133.28092489  132.81088888   -1.        
 133.17155654  133.16316253   -1.        
 133.50790102  133.48874074   -1.        
 132.9674523   132.72976837   -1.        
 133.00944758  133.15659289   -1.        
 132.53144072  133.3064139    -1.        
 132.15711911  132.56943157   -1.        
 131.741806    133.01895613   -1.        
 132.96563332  132.60900133   -1.        
 133.0044553   132.82335324   -1.        
 133.33429383  132.82632704   -1.        
 133.27146563  132.54099027   -1.        
 133.12096317  132.93809551   -1.        
 133.57422316  132.13363153   -1.        
 133.62596832  132.6260866    -1.        
 133.14291789  134.35444088   -1.        
 133.04811403  133.54225414   -1.        
 132.45827887  133.5222948    -1.        
 132.4658875  133.2343013   -1.       
 132.62799903  131.43237688   -1.        
 133.2217479   133.56267538   -1.        
 133.41202684  132.3987268    -1.        
 132.8386094   133.00723188   -1.        
 133.29777999  133.02655104   -1.        
 132.6567864   133.14177203   -1.        
 132.91778     132.99363454   -1.        
 133.09244833  133.05886325   -1.        
 133.95069647  132.20724797   -1.        
 133.3125895   132.76148628   -1.        
 133.5711652   132.06377545   -1.        
 133.12675747  133.24248141   -1.        
 132.6005664   133.35283731   -1.        
 132.88181178  133.55988596   -1.        
 132.73568645  133.01858762   -1.        
 133.17953135  132.97950824   -1.        
 132.72267298  132.66753055   -1.        
 132.05729688  132.46545291   -1.        
 133.65293258  132.88599157   -1.        
 131.92652512  132.45179399   -1.        
 132.44157044  133.22396381   -1.        
 133.82216583  132.74701677   -1.        
 132.82082198  133.05422001   -1.        
 134.11490316  134.32814127   -1.        
 134.08592199  134.40784846   -1.        
 134.61523405  134.97649376   -1.        
 134.04754353  134.83899009   -1.        
 135.50660049  134.96994615   -1.        
 133.66692636  135.23341476    1.        
 135.62388394  135.03065045    1.        
 134.1651919   134.23388238    1.        
 135.2238459   135.10117191    1.        
 134.79354354  134.12499782    1.        
 134.38906415  135.08084899    1.        
 135.31643913  134.99908381    1.        
 135.05664806  135.5408193     1.        
 135.0303611   135.15884057    1.        
 135.07535446  134.46653132    1.        
 136.05095542  135.32532446    1.        
 135.59241317  135.0704834     1.        
 135.08133816  134.78378561    1.        
 134.93233951  134.3231365     1.        
 135.22256948  135.7229781     1.        
 135.4842389   134.95702929    1.        
 134.65479809  135.67922184    1.        
 135.6077674   134.70527254    1.        
 134.68890218  135.33744836    1.        
 134.62522474  135.06780804    1.        
 134.41571629  134.6641505     1.        
 135.27184983  135.05562761    1.        
 134.16486934  135.26322654    1.        
 134.74881236  133.66833646    1.        
 134.84067311  134.68193343    1.        
 134.84250691  135.82749293    1.        
 134.69571985  135.61430498    1.        
 134.86938947  133.91702541    1.        
 135.58284995  135.13611912    1.        
 135.15723371  136.66524709    1.        
 135.11886729  134.72510164    1.        
 134.98951604  134.62932366    1.        
 135.21598833  134.9656066     1.        
 134.21830485  135.15500391    1.        
 135.46902396  135.15726118    1.        
 134.23832482  134.9217882     1.        
 135.0160909   135.18069354    1.        
 134.86409794  134.95381329    1.        
 134.27050266  135.0656351     1.        
 135.85307484  135.31907683    1.        
 136.06616466  134.5765486     1.        
 135.10486632  134.86930086    1.        
 134.52427582  134.43783281    1.        
 135.18394494  134.60818399    1.        
 135.10730023  135.62114842    1.        
 133.22652475  133.37855189    1.        
 133.15111739  133.09948176    1.        
 132.349378    133.15609481    1.        
 132.9299634   133.66735701    1.        
 133.50916139  132.59947917    1.        
