 102.11930086  102.83229455   -1.        
 103.88013911  102.94168944   -1.        
 103.16480094  103.19820274   -1.        
 102.09130867  103.32564918   -1.        
 103.58514005  103.18972376   -1.        
 103.57849945  103.1939132    -1.        
 103.55341069  104.22948376   -1.        
 102.88624673  102.7122946    -1.        
 102.40387119  103.36869107   -1.        
 102.24109359  101.91983173   -1.        
 103.68772105  103.0505331    -1.        
 102.3876508   102.09586124   -1.        
 103.17231547  102.72994232   -1.        
 103.02086025  101.72766572   -1.        
 102.46360422  103.4694061    -1.        
 103.49821774  102.25333099   -1.        
 102.75809256  102.21746274   -1.        
 102.40723221  102.36527115   -1.        
 103.18062911  103.07238776   -1.        
 103.17839252  102.42113709   -1.        
 103.27013418  103.22247884   -1.        
 103.13527053  103.0870101    -1.        
 102.53019605  102.87366642   -1.        
 102.39953806  103.00021899   -1.        
 103.37739334  102.48445369   -1.        
 102.47366272  103.23521868   -1.        
 103.72573082  102.64646663   -1.        
 102.98719119  103.08670809   -1.        
 103.43790504  103.18999104   -1.        
 102.96480794  102.87078143   -1.        
 103.07500244  102.49166481   -1.        
 103.07444153  102.81335548   -1.        
 102.91388554  103.39953374   -1.        
 103.30463739  102.90133311   -1.        
 103.72119733  102.19651871   -1.        
 102.69063348  103.65288614   -1.        
 102.50109412  102.28362795   -1.        
 102.13379703  102.60166332   -1.        
 103.008562    103.66493921   -1.        
 102.88767538  102.65694525   -1.        
 103.47834495  103.16348285   -1.        
 103.1819396   102.83016956   -1.        
 103.41155385  103.63914315   -1.        
 102.28590485  103.05807361   -1.        
 102.51753892  103.8844766    -1.        
 106.13598643  105.13113056   -1.        
 104.03169447  104.70464582   -1.        
 105.53647622  105.1412882    -1.        
 104.88772617  104.3754909    -1.        
 105.04134597  105.33276539   -1.        
 104.406215    105.68548874    1.        
 105.24503606  104.52492824    1.        
 105.82659925  103.76916562    1.        
 105.19499276  104.97558172    1.        
 104.55340103  104.76327731    1.        
 105.46200679  105.30008574    1.        
 103.7943394   105.63817964    1.        
 105.00662426  104.98640959    1.        
 105.26731692  104.24294067    1.        
 104.30221699  104.16682263    1.        
 104.82857831  104.57938032    1.        
 104.63707791  104.46728995    1.        
 105.6365722   105.25493567    1.        
 105.04010254  104.91066419    1.        
 105.36435282  105.20316419    1.        
 105.63023803  105.37161229    1.        
 104.95205212  103.93336748    1.        
 105.08382015  104.85052654    1.        
 105.47268429  103.99749122    1.        
 105.57938292  105.01143639    1.        
 104.59320507  105.12724983    1.        
 104.88887672  104.66696117    1.        
 104.81934224  104.52198439    1.        
 104.87054296  105.33861715    1.        
 104.76716608  105.54833239    1.        
 105.20860715  105.52228865    1.        
 105.27425197  104.56234672    1.        
 104.44941916  105.20793565    1.        
 105.1050163   104.35096694    1.        
 104.5124439   103.75266847    1.        
 104.30683645  105.49048338    1.        
 104.84535333  104.99891488    1.        
 103.94556719  105.02489383    1.        
 103.96298842  105.43818128    1.        
 105.1373693   104.26595842    1.        
 105.06864244  105.40289575    1.        
 105.00613984  104.43436094    1.        
 104.54368268  104.97670112    1.        
 105.1435677   104.67552277    1.        
 105.72104454  105.27344259    1.        
 104.14928797  104.48653935    1.        
 104.67633834  104.52773404    1.        
 104.27921655  105.1279392     1.        
 105.08719951  105.09000131    1.        
 105.27947805  105.31436636    1.        
 103.11697294  102.13931303    1.        
 102.79727435  103.64118148    1.        
 103.09641089  102.69519945    1.        
 103.41956703  103.15312642    1.        
 102.96455709  103.42294741    1.        
