 59.14028288  60.14913627  -1.        
 59.0071605   58.79552059  -1.        
 59.59020203  60.2985989   -1.        
 59.80491551  59.79666503  -1.        
 59.71141754  59.84800831  -1.        
 59.45068951  59.72182211  -1.        
 59.82451861  60.17521319  -1.        
 59.66251306  60.12600674  -1.        
 59.31824125  59.33623426  -1.        
 59.47386962  59.67771486  -1.        
 60.05815671  59.31838556  -1.        
 58.32598474  58.26984538  -1.        
 59.3295523   59.36516986  -1.        
 59.63943654  58.68531224  -1.        
 59.7039437   59.92435545  -1.        
 58.72121843  59.35184545  -1.        
 59.74959662  59.66236386  -1.        
 58.96923839  59.66277669  -1.        
 59.65367597  59.70256432  -1.        
 59.81842805  59.68426159  -1.        
 59.4188536   59.10105699  -1.        
 59.06850244  59.35703626  -1.        
 60.01825864  60.68358637  -1.        
 59.70785567  59.25856459  -1.        
 58.43013858  59.09717433  -1.        
 59.73143235  60.24296631  -1.        
 59.27701631  59.15729651  -1.        
 60.04935581  59.97088395  -1.        
 59.09902361  59.02109291  -1.        
 59.18566342  60.23018153  -1.        
 59.63656263  58.63665867  -1.        
 59.96770184  59.87682332  -1.        
 59.50694785  59.26126001  -1.        
 59.14524124  59.17210136  -1.        
 59.87858971  59.31432485  -1.        
 57.87694089  59.14073     -1.        
 60.45087123  60.44911756  -1.        
 59.24456963  60.02870977  -1.        
 58.95703929  59.10925818  -1.        
 59.70362185  59.21097141  -1.        
 59.81298438  59.60566012  -1.        
 59.28828231  59.1775759   -1.        
 59.31154183  58.55191516  -1.        
 59.01645512  59.383523    -1.        
 58.93751763  59.08910272  -1.        
 61.23020942  61.51899952  -1.        
 61.76604069  61.07033819  -1.        
 61.66748399  61.59109489  -1.        
 61.7600765   61.65490799  -1.        
 61.67193774  61.00791083  -1.        
 62.47310437  61.29420441   1.        
 61.37642812  61.55636631   1.        
 61.63504845  61.86392682   1.        
 61.31630648  62.15537593   1.        
 61.79134176  62.08292496   1.        
 61.95163061  61.65401134   1.        
 60.91281839  61.51623156   1.        
 60.62441661  62.11871838   1.        
 61.5120813  61.3055847   1.       
 60.89274523  62.25540967   1.        
 60.78476959  60.53623446   1.        
 61.15120808  60.84039861   1.        
 61.79038634  61.46382623   1.        
 61.61080635  60.33713261   1.        
 62.11671171  61.64344117   1.        
 62.30446025  61.80316108   1.        
 62.36736666  60.72181349   1.        
 61.08122618  61.51027917   1.        
 61.61770289  61.28231976   1.        
 61.11410049  61.3877678    1.        
 61.00092406  61.94362204   1.        
 62.37814392  62.26950489   1.        
 60.45987706  61.25534625   1.        
 61.94227672  61.50501399   1.        
 61.20616212  62.66265783   1.        
 61.6307024   61.24216183   1.        
 61.098805    60.77750871   1.        
 61.69712756  61.97859678   1.        
 61.87005087  61.01127574   1.        
 60.89373441  61.06162092   1.        
 60.3416367   62.44743018   1.        
 61.10100391  61.53759288   1.        
 62.24583079  60.71001887   1.        
 61.84706639  61.52639044   1.        
 60.95198576  62.56787025   1.        
 61.2955283   60.57014866   1.        
 60.52278776  61.48490234   1.        
 61.50900049  61.5211465    1.        
 61.29058316  61.79943016   1.        
 60.70248942  62.53945446   1.        
 61.56149337  61.97398293   1.        
 62.35160727  61.52974926   1.        
 60.72218951  61.47577466   1.        
 61.28151252  61.8889743    1.        
 61.88031574  61.5742696    1.        
 58.35069527  59.55592796   1.        
 59.42565389  59.3775117    1.        
 59.93549323  59.78439852   1.        
 60.38737702  59.35617208   1.        
 60.378995   59.1410256   1.       
