 10.65560078  11.19287393  -1.        
 10.83733834  11.37816062  -1.        
 10.96143364  12.30299552  -1.        
 11.94494596  11.11504191  -1.        
 12.21702338  12.55495551  -1.        
 10.45967226  11.37513971  -1.        
 11.62071793  10.89669146  -1.        
 11.47989118  11.53500398  -1.        
 11.56633394  10.91240889  -1.        
 11.54707159  12.37058038  -1.        
 11.34444346  11.23512783  -1.        
 11.9122334  11.4057877  -1.       
 11.70262339  11.46183569  -1.        
 11.12948704  11.0489096   -1.        
 11.57335316  12.34857242  -1.        
 11.70636967  11.18744214  -1.        
 12.64032285  11.0258224   -1.        
 11.34914053  11.71658294  -1.        
 10.9832615   11.72711906  -1.        
 11.36847317  11.29279649  -1.        
 12.82958639  12.04064307  -1.        
 11.77850257  11.67775135  -1.        
 11.49550392  11.38898632  -1.        
 11.60605091  11.33329689  -1.        
 10.63895284  12.02343722  -1.        
 11.7905748  11.4291586  -1.       
 11.77574373  11.47414269  -1.        
 10.90850295  10.33121087  -1.        
 11.04190211  11.43973642  -1.        
 11.17977748  10.88149395  -1.        
 11.68594145  11.64126651  -1.        
 11.08419636  11.88633644  -1.        
 10.57095089  11.72649682  -1.        
 11.73529657  10.0899029   -1.        
 10.74465604  11.20714036  -1.        
 11.1913053   11.28319405  -1.        
 11.37140489  11.52078316  -1.        
 11.15031156  11.54296388  -1.        
 11.72305734  10.99494492  -1.        
 11.20378619  12.22011972  -1.        
 11.86264271  11.73496618  -1.        
 11.64417285  12.07510918  -1.        
 12.36511302  12.31226334  -1.        
 11.08384362  11.75752027  -1.        
 12.19780641  12.09832884  -1.        
 13.20680427  13.45522136  -1.        
 13.50420267  13.73996427  -1.        
 13.6174923   14.32443144  -1.        
 13.40885154  13.59289345  -1.        
 13.7026501  13.0203824  -1.       
 12.98862325  12.2794111    1.        
 13.34643901  13.06501245   1.        
 13.26674173  13.5527287    1.        
 14.26967843  13.1604505    1.        
 13.1804119   13.08012101   1.        
 13.63960213  13.3898885    1.        
 13.80231945  13.66251735   1.        
 13.50693214  13.9774101    1.        
 13.35477304  12.93517879   1.        
 13.8644153   13.07862441   1.        
 12.44226678  12.98686695   1.        
 13.8156697   13.70023464   1.        
 13.96780448  13.59965802   1.        
 13.90411958  13.37235645   1.        
 14.52113488  13.2847639    1.        
 13.17623732  13.10697227   1.        
 13.89074497  13.1959619    1.        
 13.86943316  14.19386981   1.        
 13.89431397  14.25154694   1.        
 13.40369633  13.28857318   1.        
 14.25882285  12.96897333   1.        
 13.81972793  13.39137268   1.        
 13.26235908  13.56267787   1.        
 13.82619076  13.02992008   1.        
 12.98367331  12.55574728   1.        
 12.64372145  12.2397848    1.        
 13.40494003  13.45088461   1.        
 13.25151495  13.32429155   1.        
 13.49838413  13.99722916   1.        
 13.97217292  13.43241593   1.        
 13.45233783  12.98191224   1.        
 12.63934564  14.52400239   1.        
 12.23286028  13.56624091   1.        
 13.18666299  13.25082278   1.        
 13.70844395  12.86899916   1.        
 13.67580797  13.68960846   1.        
 13.87561     14.98745835   1.        
 13.41926001  14.14093705   1.        
 13.86659189  14.14846315   1.        
 13.76599032  13.49397667   1.        
 13.45907487  13.35362973   1.        
 14.00789171  13.39687458   1.        
 13.11415668  13.60613666   1.        
 12.81239536  13.84369453   1.        
 13.70955322  13.90644678   1.        
 11.86825503  11.23543666   1.        
 11.46470098  11.51746815   1.        
 10.14223406  11.02989151   1.        
 11.23983345  11.85396429   1.        
 12.14036411  10.58263265   1.        
