 95.70535337  95.18711435  -1.        
 94.83771341  95.53569492  -1.        
 96.33122169  94.74580497  -1.        
 94.9671144   95.03747527  -1.        
 96.02888252  95.00711102  -1.        
 95.52720185  95.7828196   -1.        
 95.49967553  95.55962348  -1.        
 95.78113461  95.62142512  -1.        
 95.51563251  95.22784144  -1.        
 94.96960767  95.86107411  -1.        
 93.95144595  95.76243696  -1.        
 94.82318823  95.40048775  -1.        
 94.67341633  95.39149858  -1.        
 96.75596148  95.59027644  -1.        
 95.46899803  95.33979569  -1.        
 95.06808822  95.2167395   -1.        
 94.83676695  95.50656204  -1.        
 95.22591934  95.72531806  -1.        
 95.85762893  94.77699943  -1.        
 96.01526806  95.74543224  -1.        
 95.82923815  95.35176002  -1.        
 95.00804914  94.726837    -1.        
 95.36651669  96.01109908  -1.        
 95.86464716  96.33641725  -1.        
 94.75389497  94.6955803   -1.        
 95.43270923  96.2747343   -1.        
 95.26799626  95.31678564  -1.        
 94.81517987  95.41724479  -1.        
 95.20938269  95.47602301  -1.        
 95.21247962  95.09962832  -1.        
 95.4163094   95.76855782  -1.        
 95.08298649  94.5062843   -1.        
 95.13418702  94.66732262  -1.        
 95.74127856  94.82687021  -1.        
 95.70963279  96.12885681  -1.        
 95.144351    95.31224991  -1.        
 95.87453484  95.34998034  -1.        
 95.85403609  95.82970389  -1.        
 95.01588226  95.74090463  -1.        
 95.26918499  95.56470769  -1.        
 95.46546445  95.84878802  -1.        
 95.55869834  95.20538844  -1.        
 95.05408973  95.20440789  -1.        
 95.65483895  95.74162017  -1.        
 95.30134058  96.44734034  -1.        
 97.43793312  97.98915833  -1.        
 97.64447699  97.37127735  -1.        
 97.83328693  97.41119552  -1.        
 97.75386852  96.82720899  -1.        
 98.35585215  96.80537693  -1.        
 97.34973789  97.41124646   1.        
 97.79918207  96.65716378   1.        
 98.19022858  97.08279714   1.        
 97.0033753   97.12263744   1.        
 97.89688515  98.26204262   1.        
 97.81331321  97.81170553   1.        
 97.31351997  97.71097781   1.        
 97.52915383  96.71524803   1.        
 96.61722798  97.48570578   1.        
 97.58402286  98.14227595   1.        
 97.65718221  97.92396595   1.        
 97.20890596  96.91731746   1.        
 97.21027051  97.43936687   1.        
 98.35355761  98.39797826   1.        
 97.28629317  97.91527798   1.        
 97.73389217  96.57629224   1.        
 97.41868898  97.64960382   1.        
 97.34777155  96.3504143    1.        
 96.61005933  97.54409418   1.        
 97.91778521  96.38201861   1.        
 98.80824926  96.78540798   1.        
 97.34752097  98.17234182   1.        
 97.41821776  97.1953235    1.        
 97.77645176  97.8964899    1.        
 97.84848028  96.73700334   1.        
 97.184434    97.89031303   1.        
 97.60816931  96.60242781   1.        
 98.27557621  97.01444702   1.        
 98.20001166  97.48349021   1.        
 97.34085847  98.60411604   1.        
 97.50461129  96.72414718   1.        
 98.22456865  97.27773562   1.        
 98.43964748  96.377483     1.        
 97.03370628  97.56617879   1.        
 97.86475705  97.949109     1.        
 97.1437801   97.68117451   1.        
 98.4955485   97.85094721   1.        
 97.42078257  97.98902764   1.        
 97.91881177  97.57739026   1.        
 97.84896837  96.62996295   1.        
 97.49039379  98.14025955   1.        
 97.39552195  97.01791323   1.        
 96.79344445  97.60629132   1.        
 97.45163549  97.78982892   1.        
 96.72715747  96.63971955   1.        
 95.05262535  96.70256928   1.        
 96.27223219  95.62983409   1.        
 95.63135729  95.3126461    1.        
 95.47280445  96.11587159   1.        
 94.73065068  96.29290447   1.        
