 75.57428296  75.31917437  -1.        
 75.64844928  75.22991249  -1.        
 75.81146244  75.59765996  -1.        
 76.28524807  76.56398077  -1.        
 75.77656207  75.68342964  -1.        
 76.78414395  75.55858544  -1.        
 75.35599542  75.22748998  -1.        
 75.81973503  75.70855406  -1.        
 76.30796264  76.42333873  -1.        
 75.14299446  76.67450256  -1.        
 75.74530446  75.3015579   -1.        
 76.37805528  76.2338977   -1.        
 75.33425774  75.33062241  -1.        
 75.66190677  76.10008722  -1.        
 75.62819827  75.43182427  -1.        
 75.95001077  75.84598237  -1.        
 76.65725298  75.98731958  -1.        
 76.14615797  75.91166756  -1.        
 76.28329511  75.93820948  -1.        
 76.51494291  76.42123422  -1.        
 76.0764377   76.39693042  -1.        
 75.57916183  76.61655351  -1.        
 75.64140428  75.01656732  -1.        
 76.58448802  75.23258482  -1.        
 75.19263468  75.5725966   -1.        
 76.26068974  75.87769497  -1.        
 75.87548172  75.85794734  -1.        
 75.26190072  75.01864581  -1.        
 76.3298167   75.91245548  -1.        
 75.78538455  76.13995153  -1.        
 76.28038196  75.58394462  -1.        
 76.79265922  75.78844147  -1.        
 75.8630724   75.72659653  -1.        
 75.70034576  75.29661102  -1.        
 75.59963969  75.60937201  -1.        
 76.5704734   75.92778634  -1.        
 76.31873082  76.01754797  -1.        
 75.85036651  75.97708271  -1.        
 76.08402915  76.27448497  -1.        
 76.36561684  76.03138379  -1.        
 77.5189318   76.57364751  -1.        
 75.8794348   75.29640755  -1.        
 75.48511743  75.35458111  -1.        
 75.90455779  76.93688899  -1.        
 76.21662952  75.79809413  -1.        
 78.10986328  78.65055488  -1.        
 77.06005325  78.33955815  -1.        
 77.56964979  79.26842137  -1.        
 78.09547999  77.67532705  -1.        
 78.3641273   77.97296763  -1.        
 77.16786212  78.8235298    1.        
 78.37061127  77.75905656   1.        
 78.25986563  76.94004005   1.        
 76.90678045  77.68620137   1.        
 77.41401391  77.72387561   1.        
 77.09171956  78.41246274   1.        
 77.58781208  78.2944157    1.        
 77.19935088  78.63781277   1.        
 78.86053212  77.92023437   1.        
 78.37394681  78.73176617   1.        
 78.18007775  77.76342686   1.        
 77.88315071  78.74369834   1.        
 77.79150603  78.17150513   1.        
 77.82871777  77.63058053   1.        
 78.24993763  77.82386526   1.        
 76.42763227  77.85777081   1.        
 77.70817662  77.47960848   1.        
 78.26738505  77.66539767   1.        
 77.92590909  77.93906637   1.        
 78.48884575  77.91727743   1.        
 77.80628446  77.95687639   1.        
 77.83979007  77.94465458   1.        
 78.50463073  78.30098774   1.        
 78.31463864  77.88614801   1.        
 78.07659369  77.7611156    1.        
 78.98640375  77.54839293   1.        
 77.27067446  77.62470241   1.        
 77.54030269  78.56138946   1.        
 78.15260928  77.59342701   1.        
 77.52430012  77.55793915   1.        
 78.26785421  78.64055952   1.        
 79.23656046  78.21224747   1.        
 78.47113458  77.33397701   1.        
 77.37763026  77.23333483   1.        
 77.97335469  78.00836026   1.        
 78.08241689  77.92889325   1.        
 78.27976788  77.6895914    1.        
 78.11838121  77.96831024   1.        
 77.76911385  78.83735243   1.        
 78.96488211  78.2207802    1.        
 76.87181942  78.37186932   1.        
 78.29165529  77.85836573   1.        
 77.33491357  79.12732297   1.        
 77.97341252  78.36234827   1.        
 78.64346561  78.11748195   1.        
 76.0210732   76.23483621   1.        
 75.20195888  76.63089071   1.        
 76.33054314  76.61632407   1.        
 75.9559859   75.88636903   1.        
 76.05069685  76.61108607   1.        
