 113.89412666  113.26545856   -1.        
 113.71106029  112.94950131   -1.        
 113.95959303  113.5964701    -1.        
 112.89147406  113.76477617   -1.        
 113.70775461  113.61763244   -1.        
 113.14949595  113.79464502   -1.        
 114.55429462  112.97998245   -1.        
 113.80407962  113.38113629   -1.        
 113.67886144  113.09263929   -1.        
 113.86413557  113.13171286   -1.        
 113.72744234  113.45463626   -1.        
 113.47240757  113.66086426   -1.        
 114.19310289  113.26781449   -1.        
 114.08718168  114.62004556   -1.        
 114.12373315  113.50053934   -1.        
 113.32343752  113.56474248   -1.        
 113.30839366  113.55723248   -1.        
 112.46509246  113.84091483   -1.        
 114.26350248  113.23556901   -1.        
 113.95911957  113.05324136   -1.        
 114.39732562  113.60977581   -1.        
 113.23404211  112.87816374   -1.        
 113.97093765  112.52232621   -1.        
 113.74893045  113.88583603   -1.        
 113.3358315   113.51715606   -1.        
 114.49313477  113.96305029   -1.        
 113.02093587  113.38984956   -1.        
 113.13749088  113.84963657   -1.        
 113.17067679  113.63571973   -1.        
 113.68990218  113.47415936   -1.        
 113.1372244   113.11290826   -1.        
 113.47708343  113.16542597   -1.        
 113.26275697  113.67714666   -1.        
 112.30991217  112.44290977   -1.        
 112.92466795  114.19219547   -1.        
 113.96346636  112.80140367   -1.        
 113.65442328  113.08734344   -1.        
 113.42986446  112.83144952   -1.        
 113.53074075  113.31414512   -1.        
 113.12579246  113.91875561   -1.        
 112.76524146  113.89487615   -1.        
 113.37319799  113.98650449   -1.        
 114.4314105   113.57679161   -1.        
 113.67595518  114.47274093   -1.        
 113.35553585  113.46984813   -1.        
 115.61435142  114.78095942   -1.        
 115.19107038  115.47047256   -1.        
 116.43071971  115.77052939   -1.        
 116.13887449  114.94572936   -1.        
 115.82895413  115.50629049   -1.        
 115.53752362  115.50163864    1.        
 114.82953862  115.38729176    1.        
 115.30261106  115.547265      1.        
 115.84704233  116.2245582     1.        
 115.2093391   115.66948496    1.        
 115.38374203  115.57394585    1.        
 115.96997872  115.44765446    1.        
 115.00612169  115.67405777    1.        
 115.06383429  114.71033562    1.        
 115.3886722  115.5072089    1.       
 115.24774361  114.92346481    1.        
 115.51577023  115.7590467     1.        
 114.91826057  115.7493715     1.        
 115.30441188  116.31445586    1.        
 115.47692699  115.47979515    1.        
 115.00197321  115.76648916    1.        
 115.75111676  115.16154495    1.        
 114.88183574  115.20493444    1.        
 115.23834247  115.47292096    1.        
 116.15939022  114.81829756    1.        
 115.63601942  115.38925069    1.        
 115.57842084  115.32006001    1.        
 116.22850673  114.96097645    1.        
 115.25787534  116.10764794    1.        
 116.05916996  116.06456846    1.        
 115.02939025  115.35840762    1.        
 115.58353171  115.88427972    1.        
 115.07399737  116.12257585    1.        
 115.99951331  114.62646294    1.        
 115.05896011  115.76535492    1.        
 115.69993195  115.51487085    1.        
 116.43633005  116.02193579    1.        
 115.78737628  115.58857071    1.        
 114.91579698  116.40017205    1.        
 115.2352438   115.75993269    1.        
 114.88450477  115.69487285    1.        
 114.95872522  116.25608163    1.        
 115.75651118  115.66987143    1.        
 114.63426095  115.33340388    1.        
 116.62988292  115.76636309    1.        
 115.22514377  115.34993037    1.        
 115.41094892  115.57674024    1.        
 114.93436075  114.23405117    1.        
 116.03599647  115.48441434    1.        
 114.76630645  114.77510748    1.        
 112.99157481  112.62372785    1.        
 112.95354951  113.01970793    1.        
 112.76804863  112.86902491    1.        
 113.80538253  113.81463761    1.        
 114.16263679  113.24671063    1.        
