 23.5841059   23.44021096  -1.        
 23.1954597   23.93745823  -1.        
 24.33313712  23.18568817  -1.        
 24.09255656  24.05947759  -1.        
 24.06607662  23.49706801  -1.        
 23.49864386  22.89205601  -1.        
 23.0599444   23.39218719  -1.        
 22.93346537  23.38586332  -1.        
 23.52293053  23.53572626  -1.        
 22.7844401   23.80026719  -1.        
 23.17575151  24.00681301  -1.        
 23.33617806  23.50555933  -1.        
 23.6285387   23.57115903  -1.        
 24.2181434   23.78651052  -1.        
 23.50264994  22.85181496  -1.        
 23.34636738  23.37127612  -1.        
 24.07991192  23.57915856  -1.        
 22.25690551  23.51685749  -1.        
 23.23038572  23.65479949  -1.        
 23.60104516  23.29234115  -1.        
 23.83197386  23.44734409  -1.        
 24.14969973  23.40599542  -1.        
 24.3689681   23.89921136  -1.        
 23.16519477  24.03764799  -1.        
 23.26270664  24.04856284  -1.        
 23.22857435  23.78444818  -1.        
 24.07996162  23.683717    -1.        
 24.35506179  23.47505155  -1.        
 23.4121705   22.73900552  -1.        
 22.60926282  24.41695017  -1.        
 24.59244376  23.94963394  -1.        
 23.69394377  23.25112936  -1.        
 23.17413423  23.34136182  -1.        
 24.06132105  22.77587286  -1.        
 23.67096577  23.07073498  -1.        
 24.05654579  24.33223941  -1.        
 23.93203456  22.98740519  -1.        
 24.45678766  23.1708459   -1.        
 23.79775158  23.67842809  -1.        
 22.82714956  23.81393062  -1.        
 24.39048943  23.01892624  -1.        
 24.58620759  23.47592788  -1.        
 24.09843635  24.07223012  -1.        
 24.38617548  22.36152496  -1.        
 23.96963228  23.48403372  -1.        
 25.29684265  26.08914428  -1.        
 26.18749888  24.78843261  -1.        
 25.05003033  25.78986444  -1.        
 24.54368709  26.29090587  -1.        
 25.53258182  25.38554246  -1.        
 25.59086796  25.15942248   1.        
 24.56578721  25.03000141   1.        
 25.9903784   25.45095026   1.        
 24.97501468  25.69018269   1.        
 26.20591433  26.45289824   1.        
 24.89212293  25.25215363   1.        
 25.19750274  25.64663992   1.        
 25.25907978  24.87276775   1.        
 25.24860977  25.10470723   1.        
 25.59694364  25.51726231   1.        
 25.56345014  25.3271429    1.        
 25.31534474  25.89013229   1.        
 25.51633396  25.43409883   1.        
 25.49157705  25.76362191   1.        
 25.80689286  25.80118296   1.        
 25.27389324  25.45257147   1.        
 26.00387502  25.56022684   1.        
 25.75602507  25.48362972   1.        
 25.49257203  25.47241634   1.        
 26.13600119  25.40432847   1.        
 25.97932494  25.14221542   1.        
 25.11958109  25.30043301   1.        
 25.69328358  25.81156701   1.        
 26.24643164  25.12707841   1.        
 25.86786717  25.50319572   1.        
 25.84033433  25.60710419   1.        
 24.89156481  26.24424087   1.        
 25.84791261  25.60525879   1.        
 25.28636357  25.7408418    1.        
 25.09397996  24.99374291   1.        
 25.49784076  25.85641069   1.        
 24.52304348  25.45008093   1.        
 25.80907833  25.83229853   1.        
 25.28789617  24.91088855   1.        
 26.12637466  25.79501081   1.        
 25.83278666  25.75815366   1.        
 25.04137664  25.51690514   1.        
 25.45158711  25.7661779    1.        
 25.44736592  25.91398029   1.        
 25.66723923  25.47734812   1.        
 24.88157773  25.51101133   1.        
 25.86953651  25.41025581   1.        
 24.65211537  24.76403333   1.        
 25.34726298  25.41951217   1.        
 25.44399907  25.88174774   1.        
 23.4428757   23.01313667   1.        
 23.25331906  23.34757265   1.        
 23.54804442  23.60005584   1.        
 23.12003961  23.40011234   1.        
 24.78066743  23.66939443   1.        
