 119.50178556  119.70463737   -1.        
 119.64771126  119.74090085   -1.        
 120.01620135  119.93976516   -1.        
 119.78121856  118.84881224   -1.        
 119.53704699  119.60789192   -1.        
 119.37410468  119.83953603   -1.        
 118.39285795  119.08407466   -1.        
 119.01585364  119.64001919   -1.        
 119.3732443   119.46471778   -1.        
 119.30403585  119.87049824   -1.        
 119.94139016  119.71554123   -1.        
 119.57740799  119.81716767   -1.        
 119.86810152  119.65421348   -1.        
 119.2250931   119.57126677   -1.        
 119.2820389   120.34709018   -1.        
 119.72789901  120.19622713   -1.        
 119.0401161   119.14078233   -1.        
 119.79066355  119.95441228   -1.        
 120.12236342  119.97364594   -1.        
 119.69631922  119.08938542   -1.        
 119.70121184  118.94985332   -1.        
 120.29478518  119.44980577   -1.        
 119.52634155  120.00350266   -1.        
 119.58976626  119.19824074   -1.        
 119.27931872  119.26578401   -1.        
 119.0902476  119.4456488   -1.       
 118.51864977  119.11099208   -1.        
 118.61232926  119.99489933   -1.        
 119.92106398  119.50199372   -1.        
 119.53492545  120.61570963   -1.        
 120.09378729  119.29699302   -1.        
 118.6281202   120.66168972   -1.        
 119.6173634   118.64561149   -1.        
 119.5872395   119.45210608   -1.        
 120.87980307  119.63586465   -1.        
 119.18083244  118.75759224   -1.        
 119.80325613  119.26764085   -1.        
 119.65044527  118.30196907   -1.        
 120.18564618  119.2447793    -1.        
 119.54281937  118.32442701   -1.        
 119.25697328  119.19909419   -1.        
 119.58893366  119.54423358   -1.        
 118.42015745  119.51672129   -1.        
 119.4639202   120.03786918   -1.        
 119.23345601  119.60521138   -1.        
 121.78713083  121.5174249    -1.        
 121.71462201  121.76673876   -1.        
 121.56373585  121.42335802   -1.        
 120.55728665  121.62749919   -1.        
 121.29522724  121.0548956    -1.        
 121.2670251   121.47575445    1.        
 120.99993019  121.23640255    1.        
 120.61375106  121.1706441     1.        
 121.57589884  122.0427779     1.        
 121.06814746  121.10074533    1.        
 121.44621712  121.7434005     1.        
 121.64622002  121.32840498    1.        
 121.01282724  122.6873909     1.        
 120.55938224  121.63887972    1.        
 120.88856861  121.36076868    1.        
 121.53889539  121.57000886    1.        
 120.80555096  122.08208427    1.        
 120.52303571  121.68077241    1.        
 121.0925458   122.10319006    1.        
 121.34108267  121.67136255    1.        
 122.85452637  121.39752678    1.        
 121.98712568  120.31814004    1.        
 121.9100027   121.26860942    1.        
 121.86162477  121.68797707    1.        
 121.53415069  121.5806018     1.        
 121.26215153  121.16558856    1.        
 120.70916375  121.32082452    1.        
 122.29197898  122.02378828    1.        
 121.66869121  122.24560091    1.        
 121.71522436  121.44686521    1.        
 121.12972135  120.85219503    1.        
 121.12378706  121.09861458    1.        
 121.08426712  121.315714      1.        
 121.45532902  122.51489205    1.        
 121.00492575  120.9463002     1.        
 122.45606824  121.21785348    1.        
 121.387056    122.39776643    1.        
 121.63146192  121.05142606    1.        
 121.10856722  121.18844711    1.        
 121.13950681  121.25629958    1.        
 120.63819729  121.99936431    1.        
 121.15316424  121.59453387    1.        
 121.03714867  121.36675097    1.        
 121.97323676  120.93433459    1.        
 121.62762354  120.87736581    1.        
 121.7752056   121.91984214    1.        
 121.96263528  121.84186556    1.        
 122.04987694  120.82926489    1.        
 121.14728604  121.55791943    1.        
 121.38792977  122.4408989     1.        
 120.11183651  119.62482001    1.        
 119.19069709  119.29100638    1.        
 120.45257002  119.49397582    1.        
 120.00098892  119.69175676    1.        
 119.12700022  120.1937169     1.        
