 85.20064089  86.54430692  -1.        
 86.38583276  86.70111659  -1.        
 86.53447473  86.46983297  -1.        
 86.7256919   86.93503288  -1.        
 86.88927099  86.20140752  -1.        
 85.99325617  86.38436897  -1.        
 86.84311642  86.18258872  -1.        
 87.04407707  86.45488791  -1.        
 86.97286923  85.44743251  -1.        
 85.81647059  86.31330447  -1.        
 86.31232624  86.8710428   -1.        
 86.03943197  86.23081959  -1.        
 86.34619431  86.78987583  -1.        
 85.73351655  86.41976214  -1.        
 86.47713054  86.12801041  -1.        
 86.55807111  87.18046663  -1.        
 86.66488477  86.23739282  -1.        
 86.55566497  86.57380244  -1.        
 86.50699453  86.09893914  -1.        
 87.14374342  86.61310671  -1.        
 85.82146575  86.64479965  -1.        
 86.65148107  85.43929173  -1.        
 86.34029511  86.81649395  -1.        
 86.56427742  87.19529496  -1.        
 87.13961608  86.6886658   -1.        
 86.30289875  86.65192826  -1.        
 86.54024218  86.07383123  -1.        
 86.58767073  86.91266792  -1.        
 86.35431563  86.03032688  -1.        
 86.12127868  86.46831975  -1.        
 87.37465124  86.17009293  -1.        
 86.21977468  86.3468427   -1.        
 86.53053811  86.43561239  -1.        
 86.81092512  85.58865898  -1.        
 85.71709847  86.16807405  -1.        
 86.92992258  85.95834985  -1.        
 86.44586714  86.60934559  -1.        
 86.20693788  85.47936844  -1.        
 87.32050338  86.3192477   -1.        
 86.03817504  86.4537458   -1.        
 87.54316644  86.04348977  -1.        
 86.13510006  85.83245489  -1.        
 85.63283824  86.29642479  -1.        
 86.23916357  86.90352653  -1.        
 86.28957822  86.13146759  -1.        
 89.02456718  89.2867562   -1.        
 89.04462689  89.57331743  -1.        
 87.98285329  87.9028912   -1.        
 87.02632352  88.72183654  -1.        
 88.8163657   88.44673833  -1.        
 88.37283526  87.77576414   1.        
 89.04430731  88.80072485   1.        
 88.0876569   87.99935207   1.        
 87.72967459  88.50466943   1.        
 87.98319322  88.49800945   1.        
 88.70038928  87.91213158   1.        
 88.43678674  89.42827708   1.        
 88.88770182  89.36722247   1.        
 88.539913    88.41975123   1.        
 88.69981583  88.58841824   1.        
 89.10213481  88.2251762    1.        
 89.17053431  89.54388941   1.        
 89.01828858  87.4703829    1.        
 88.2361074   88.43345434   1.        
 88.46984097  88.76168273   1.        
 88.65273826  88.78341165   1.        
 88.89626942  88.07021604   1.        
 88.29822666  88.42324391   1.        
 87.90824436  88.72244309   1.        
 88.65586442  87.82643408   1.        
 88.52728352  88.67583327   1.        
 88.79259456  88.3856921    1.        
 87.91749185  89.22079008   1.        
 89.17439474  89.56827347   1.        
 89.04376609  88.04554807   1.        
 88.1304289   88.38836011   1.        
 88.53819405  88.96483795   1.        
 89.79507202  88.17884379   1.        
 89.29110052  88.18904659   1.        
 88.69448213  87.68985979   1.        
 87.35907769  88.28260361   1.        
 88.4555336   88.85806514   1.        
 88.029302    87.86977615   1.        
 88.91230651  88.88882935   1.        
 88.12638896  88.51788068   1.        
 88.60356307  89.63042522   1.        
 88.95649193  88.08732056   1.        
 88.81901037  88.09580917   1.        
 88.05592855  89.43089504   1.        
 88.21607597  88.84389537   1.        
 88.52528178  87.96691263   1.        
 88.50181604  89.07954433   1.        
 88.82843202  87.94695255   1.        
 87.75585071  88.71626086   1.        
 87.6182509   88.18785671   1.        
 86.13068832  87.18908684   1.        
 87.10829027  87.19366215   1.        
 87.26391989  86.52440756   1.        
 85.78948061  86.48159832   1.        
 87.25151733  86.78536794   1.        
