 66.87749969  66.82157034  -1.        
 67.48760327  66.74337739  -1.        
 66.96951853  67.05217863  -1.        
 66.66214431  66.29171371  -1.        
 67.4151321  66.7560041  -1.       
 66.3910089   66.69947086  -1.        
 66.98173711  66.50414686  -1.        
 67.28680447  67.314762    -1.        
 66.89899223  68.30151813  -1.        
 66.97781793  67.70508455  -1.        
 66.69003338  66.1312923   -1.        
 66.5397395   67.50374022  -1.        
 67.37343496  67.13831614  -1.        
 66.92647698  67.17988499  -1.        
 67.32920322  67.45044832  -1.        
 67.4876587   66.95390019  -1.        
 66.6364976   65.63107596  -1.        
 67.16245019  67.41316519  -1.        
 67.71428092  66.63660623  -1.        
 66.94852015  66.66903397  -1.        
 67.25257448  67.04415428  -1.        
 66.98097413  67.45661386  -1.        
 66.65569822  68.80420876  -1.        
 66.58242835  66.90449852  -1.        
 67.27955193  66.63317529  -1.        
 66.64046882  66.63438597  -1.        
 66.93948648  67.03102747  -1.        
 66.91774723  66.83298295  -1.        
 66.30640227  66.61034381  -1.        
 66.67067557  66.43131525  -1.        
 66.96186217  66.00796148  -1.        
 66.8168592   66.61237044  -1.        
 66.68452151  66.77482038  -1.        
 66.63217018  67.49271978  -1.        
 67.05720196  66.68378148  -1.        
 68.12593968  66.75905465  -1.        
 66.38969102  66.42091494  -1.        
 67.10669443  66.68779485  -1.        
 67.15468995  66.59485718  -1.        
 67.79387274  66.96273787  -1.        
 66.92432231  66.73743435  -1.        
 67.37773381  67.46449599  -1.        
 66.74157569  67.498416    -1.        
 67.36116334  66.96623491  -1.        
 68.02923935  66.95164916  -1.        
 68.16131851  68.93705476  -1.        
 69.46645568  69.83679128  -1.        
 68.81082298  69.2599831   -1.        
 69.06279526  68.98103201  -1.        
 68.31621734  69.26690096  -1.        
 69.11233161  68.78513183   1.        
 69.56349554  69.61848976   1.        
 69.33194039  68.87430639   1.        
 69.43398862  67.78860106   1.        
 68.9165408   68.76244317   1.        
 69.17854663  69.32338465   1.        
 69.19940541  69.27143978   1.        
 70.01506073  68.64131717   1.        
 68.98536149  69.00408452   1.        
 69.29828256  69.18681599   1.        
 68.52819907  69.85323816   1.        
 68.13083974  69.85417783   1.        
 68.87959829  69.43415073   1.        
 69.22101894  68.48745977   1.        
 69.1253715   69.88816548   1.        
 69.80550708  68.2515616    1.        
 69.35375399  70.17262671   1.        
 68.90575995  69.473926     1.        
 69.48657836  68.35991458   1.        
 69.55726192  69.95940927   1.        
 69.21010155  69.3676934    1.        
 69.57993359  68.99184174   1.        
 68.42350253  68.42214651   1.        
 69.52892221  68.9221062    1.        
 68.38804484  69.29345769   1.        
 68.05556901  68.41352367   1.        
 68.88780144  68.98413842   1.        
 68.79191249  69.12492695   1.        
 68.64175882  69.63874884   1.        
 69.15948098  69.24449854   1.        
 67.90831835  69.40872942   1.        
 68.36726126  69.25061008   1.        
 69.3345687   68.74563994   1.        
 69.26267754  68.9825228    1.        
 69.04984849  69.80670942   1.        
 69.68282524  68.27698357   1.        
 69.64389299  70.11276532   1.        
 69.51290738  69.39426435   1.        
 69.13183317  69.16345876   1.        
 69.5656425   69.16852657   1.        
 68.37667176  68.78871107   1.        
 69.06732683  69.74386204   1.        
 69.27844892  68.68085184   1.        
 68.9169682   69.28602795   1.        
 68.04775425  69.40460626   1.        
 67.08244519  67.26597489   1.        
 66.61902563  66.52405542   1.        
 67.11664186  67.37968686   1.        
 67.40154586  68.10277389   1.        
 68.19407319  67.11591886   1.        
