 120.27404783  120.89175181   -1.        
 120.96557935  120.36790533   -1.        
 121.34873922  121.28956819   -1.        
 121.36584559  120.56641384   -1.        
 121.67394049  120.70731236   -1.        
 121.39037424  121.11613366   -1.        
 120.78331483  120.57378285   -1.        
 120.91035286  120.71946302   -1.        
 121.17749678  120.88799074   -1.        
 121.54820854  121.20644925   -1.        
 120.95749789  120.63534772   -1.        
 120.5961574   120.38231521   -1.        
 120.91579796  120.10046999   -1.        
 120.62053759  122.1261566    -1.        
 121.39174796  120.7840913    -1.        
 121.71614398  120.97261458   -1.        
 120.99182405  121.30865047   -1.        
 120.93119892  121.33977998   -1.        
 121.50756767  121.15517235   -1.        
 121.11376127  121.47528325   -1.        
 121.00333739  120.80162536   -1.        
 121.63706079  120.87770473   -1.        
 121.00391244  121.10034003   -1.        
 121.53164483  121.20902818   -1.        
 120.68869071  120.61508181   -1.        
 121.66828276  120.42970303   -1.        
 121.99311108  120.77527505   -1.        
 120.87059706  121.18491923   -1.        
 121.18529052  121.15932796   -1.        
 121.26277141  121.59352227   -1.        
 120.43589056  121.14543012   -1.        
 121.35382885  121.41337833   -1.        
 120.89901387  120.40584291   -1.        
 120.73204949  121.04482886   -1.        
 120.40076062  121.51905761   -1.        
 121.02833137  121.7687435    -1.        
 121.33065361  121.50304509   -1.        
 121.1419887   121.34219923   -1.        
 121.34565935  121.23924106   -1.        
 121.4272572   121.09838453   -1.        
 120.62016639  121.4960116    -1.        
 121.61427402  122.43059426   -1.        
 120.80804553  121.30591249   -1.        
 120.23641325  120.82644038   -1.        
 121.28807164  120.81509874   -1.        
 122.58111027  121.63648573   -1.        
 122.84911062  122.41854326   -1.        
 122.98913726  122.77964417   -1.        
 123.02099465  123.49903357   -1.        
 123.19354029  123.85256481   -1.        
 123.33565108  123.6216895     1.        
 123.01327389  123.07256049    1.        
 123.19304115  122.66809107    1.        
 123.10912091  122.8388374     1.        
 122.95247666  122.38613082    1.        
 123.09382745  122.67876021    1.        
 122.46479044  123.15478214    1.        
 123.29684591  122.93713415    1.        
 123.12332755  122.95870934    1.        
 123.53163553  122.48436757    1.        
 122.30528419  123.52822945    1.        
 123.59949838  123.18977246    1.        
 122.09520082  122.9602869     1.        
 123.03726684  122.51028014    1.        
 122.31613414  122.79313542    1.        
 123.46821877  121.87558595    1.        
 123.40219776  122.61405371    1.        
 123.75676937  122.72936592    1.        
 122.6744802   124.41808403    1.        
 123.0761209   123.20550184    1.        
 123.14684891  122.3303897     1.        
 122.8466892  123.0794288    1.       
 123.28479153  123.25628522    1.        
 123.09029957  122.54832153    1.        
 122.75291621  123.22769292    1.        
 123.17398287  122.88915188    1.        
 123.58600732  122.6362212     1.        
 123.66826996  123.20396659    1.        
 122.5334733   123.00984051    1.        
 122.60114272  122.84479918    1.        
 123.76001959  123.30900952    1.        
 122.2495685  123.2820573    1.       
 122.55206256  123.49275069    1.        
 123.45676058  123.81868315    1.        
 122.89390534  122.83867927    1.        
 122.57332537  123.54134135    1.        
 123.27182152  122.48951461    1.        
 123.15413867  122.37349212    1.        
 123.07734936  123.9261139     1.        
 124.13598303  123.7380751     1.        
 123.24652385  124.09871312    1.        
 122.60498154  123.21548486    1.        
 122.85483911  123.39480107    1.        
 122.78437323  123.48859255    1.        
 122.54503867  123.34933336    1.        
 121.48963368  120.86774443    1.        
 121.02806272  121.13392616    1.        
 121.24903312  120.95588341    1.        
 119.9950345   121.48061304    1.        
 121.3700938   121.53219647    1.        
