 139.36683479  138.34437464   -1.        
 139.080539    138.34412546   -1.        
 139.02289661  139.25628553   -1.        
 139.2095027   139.04282186   -1.        
 139.01558759  139.29619381   -1.        
 139.1671497   139.99218953   -1.        
 138.66175327  138.95402386   -1.        
 139.49144291  139.4986134    -1.        
 138.61009529  139.23685502   -1.        
 138.61006052  139.24017589   -1.        
 139.35212749  139.00367141   -1.        
 139.05012093  138.83633618   -1.        
 139.56753793  139.45057316   -1.        
 139.95539302  139.12443948   -1.        
 138.7631007   139.26292728   -1.        
 139.23675756  138.95851228   -1.        
 139.33846383  138.94271637   -1.        
 139.36575488  139.76712335   -1.        
 139.18017953  138.63685484   -1.        
 138.86252309  139.02304399   -1.        
 138.63538413  139.42510228   -1.        
 138.44319372  139.28370068   -1.        
 138.39858656  137.88504543   -1.        
 138.5339491   139.24230728   -1.        
 139.33217733  138.42514578   -1.        
 138.90511463  139.52010028   -1.        
 139.68958197  138.57134072   -1.        
 139.21243211  139.72165503   -1.        
 139.20966503  138.4435835    -1.        
 139.53337931  139.13741453   -1.        
 139.62020471  140.00336813   -1.        
 139.09069506  139.15326058   -1.        
 138.91630715  138.17389246   -1.        
 139.24615855  139.03188197   -1.        
 138.44615208  138.67014137   -1.        
 138.90874314  138.76274255   -1.        
 139.99135999  139.23893512   -1.        
 139.61375194  138.86504247   -1.        
 138.58110278  138.8883795    -1.        
 139.44715329  139.61035818   -1.        
 139.10858553  139.48807859   -1.        
 139.91529873  138.93215857   -1.        
 138.74055519  139.38397736   -1.        
 139.5480289   139.81197791   -1.        
 139.113781    139.15626944   -1.        
 141.34091765  141.15925502   -1.        
 140.48371551  141.59112015   -1.        
 139.75737201  141.86826017   -1.        
 140.10577077  140.06638518   -1.        
 140.69431139  140.68259737   -1.        
 140.54989233  141.69050139    1.        
 141.17589673  140.74236035    1.        
 141.10629147  140.76271716    1.        
 141.17773471  141.04050682    1.        
 141.71247301  141.61035547    1.        
 140.50493946  140.2785871     1.        
 141.41388592  141.62049481    1.        
 140.93930545  140.70307544    1.        
 140.830093    140.04976256    1.        
 141.32747054  141.14834634    1.        
 140.44460659  141.33501822    1.        
 141.05746128  140.64837546    1.        
 141.03136484  140.40944876    1.        
 140.80481829  140.75436158    1.        
 140.80345533  140.05786341    1.        
 141.4963946   140.58756786    1.        
 140.90789211  141.90508298    1.        
 141.20175146  141.53302593    1.        
 141.08777508  141.48139015    1.        
 141.6095665   140.58052443    1.        
 140.85312972  141.19801281    1.        
 140.76846716  141.83434578    1.        
 140.08426066  141.66314268    1.        
 140.99410869  140.99484967    1.        
 141.04611268  141.05666741    1.        
 141.53907327  141.45907497    1.        
 141.4620331   140.53118802    1.        
 141.13913549  141.56948604    1.        
 140.50123677  140.86714406    1.        
 141.05725104  141.14152206    1.        
 141.13169474  142.44851227    1.        
 141.44042095  141.30785003    1.        
 141.25354592  140.76551748    1.        
 140.72093246  141.25788148    1.        
 140.04718849  140.50988118    1.        
 140.3925413   140.50302561    1.        
 141.28822285  141.32276746    1.        
 142.19890326  140.56676897    1.        
 140.26008164  141.80954522    1.        
 140.99019601  141.23550245    1.        
 141.57014321  141.74058195    1.        
 140.38386087  140.58707424    1.        
 140.6639608   140.64636858    1.        
 140.87465242  141.01928143    1.        
 140.63535733  141.75060981    1.        
 139.85206629  139.1515798     1.        
 138.98939448  139.98887091    1.        
 138.66978222  138.55829055    1.        
 138.42415638  138.96393831    1.        
 139.38198685  138.55819724    1.        
