 73.02548871  73.13443648  -1.        
 72.07080521  73.71146771  -1.        
 72.83284784  73.25871292  -1.        
 72.946795    72.50085238  -1.        
 74.14912071  73.03621422  -1.        
 72.36198225  73.24153927  -1.        
 72.55795563  72.12501679  -1.        
 73.11215199  73.3242223   -1.        
 72.76534282  72.97689898  -1.        
 73.29450498  73.65457147  -1.        
 73.32083877  73.21968615  -1.        
 72.48703776  73.26104559  -1.        
 72.33771598  72.8473426   -1.        
 73.13172105  73.25909803  -1.        
 73.04559286  73.50316781  -1.        
 72.98770775  72.91200861  -1.        
 73.43826196  73.36828398  -1.        
 73.56743567  73.41138182  -1.        
 72.65604541  72.53865561  -1.        
 73.52712592  72.76425438  -1.        
 73.5197205   72.84372355  -1.        
 72.27691378  72.87942467  -1.        
 72.90474498  72.51150475  -1.        
 72.87188925  73.67021885  -1.        
 72.79278825  72.90044459  -1.        
 73.22693115  73.2562218   -1.        
 72.7023116   73.27162874  -1.        
 72.82415839  72.71648301  -1.        
 73.28517419  72.94544262  -1.        
 73.94491183  72.85596302  -1.        
 72.7820555  72.5125714  -1.       
 72.91326665  73.06477102  -1.        
 73.39385841  73.19766717  -1.        
 73.19905365  73.08023191  -1.        
 72.24219942  72.14262477  -1.        
 73.46868733  74.1085316   -1.        
 71.9653193  73.2144575  -1.       
 73.81603893  73.0807229   -1.        
 73.23935475  73.33418985  -1.        
 73.02429475  73.03018648  -1.        
 73.27664325  73.6343191   -1.        
 72.22266735  73.36929118  -1.        
 73.30129873  72.64840777  -1.        
 73.32306107  72.6485793   -1.        
 73.18806838  72.15594616  -1.        
 74.85324007  75.62461439  -1.        
 74.66967938  74.73972065  -1.        
 74.71964458  75.80360136  -1.        
 75.2123515   74.33177408  -1.        
 75.44766642  75.15137782  -1.        
 74.61941194  75.02174555   1.        
 74.78626859  74.85139407   1.        
 75.8870319   73.90145645   1.        
 75.01864171  74.75756257   1.        
 74.73205282  75.3317961    1.        
 75.79042975  74.48658122   1.        
 75.09903419  75.13099093   1.        
 74.68304837  75.37851346   1.        
 74.73662692  75.88408626   1.        
 74.19764061  74.5921267    1.        
 75.37474176  75.28071011   1.        
 74.86161249  74.4627892    1.        
 74.41216168  74.47019398   1.        
 75.56868534  74.9116505    1.        
 74.60606508  75.56459355   1.        
 75.12129564  74.43889893   1.        
 74.84080599  73.95705946   1.        
 75.7362871   74.43413675   1.        
 74.45170717  74.54026201   1.        
 75.24089129  75.978749     1.        
 75.06379885  74.71986864   1.        
 74.40530495  74.89176965   1.        
 74.79876413  74.74185851   1.        
 75.05855442  75.06606793   1.        
 74.33818172  75.47913377   1.        
 75.69739168  75.52782386   1.        
 74.74835244  74.85102751   1.        
 75.44761527  75.37138958   1.        
 74.8921104   75.56695859   1.        
 74.91029962  74.3216133    1.        
 74.87930922  74.689261     1.        
 74.17819669  75.3468954    1.        
 75.01875985  74.21211817   1.        
 74.91874945  76.08216345   1.        
 74.90240366  74.50130214   1.        
 75.24113861  74.53307943   1.        
 73.81994306  75.42718071   1.        
 76.15998756  74.51468023   1.        
 74.90381957  74.79667624   1.        
 74.5998525   75.28622062   1.        
 76.03527708  75.7889223    1.        
 74.2729544   75.08100419   1.        
 75.04876561  76.24981627   1.        
 74.74912444  74.86368448   1.        
 74.77977516  74.63287711   1.        
 73.04765556  73.19195889   1.        
 73.01837472  73.04560606   1.        
 71.85336046  73.23109684   1.        
 72.4201009  73.9883494   1.       
 72.68284642  71.98650214   1.        
