 7.20261859  6.42248335 -1.        
 6.0031134   6.29118647 -1.        
 6.96751633  6.13159071 -1.        
 7.09100326  7.13492005 -1.        
 6.99448321  7.69619785 -1.        
 6.1792209   6.29321503 -1.        
 6.92136434  6.86707291 -1.        
 7.11781184  7.32118538 -1.        
 7.85170769  7.32784324 -1.        
 7.02647098  6.49375725 -1.        
 7.51553918  6.41438462 -1.        
 7.10300645  7.77028499 -1.        
 7.74008518  6.92161523 -1.        
 7.03602577  6.98107117 -1.        
 6.99870876  7.41302079 -1.        
 6.61126182  7.89269513 -1.        
 7.35716688  7.47489439 -1.        
 7.17849655  6.95330774 -1.        
 6.35359141  7.6504549  -1.        
 7.23886898  7.43456625 -1.        
 6.91783093  6.50468983 -1.        
 6.87605398  6.87777367 -1.        
 7.9363432   6.64534153 -1.        
 6.25779606  6.61365054 -1.        
 6.34228619  6.86051198 -1.        
 7.90727503  6.8809264  -1.        
 6.15125345  6.90867229 -1.        
 6.17378742  7.01728476 -1.        
 6.85310682  6.35797711 -1.        
 6.73068205  6.20691952 -1.        
 6.14254522  5.90491767 -1.        
 7.57195865  7.23143499 -1.        
 6.55441555  6.68261219 -1.        
 7.04403409  6.34254605 -1.        
 6.65267243  6.84218885 -1.        
 7.32685646  6.58483199 -1.        
 6.62371815  5.90270104 -1.        
 7.57482603  8.17885412 -1.        
 6.92811947  7.26522531 -1.        
 6.89968049  8.50763988 -1.        
 7.61382461  6.77845231 -1.        
 6.20721714  7.17348739 -1.        
 7.20817005  7.13525372 -1.        
 7.71765347  6.89948759 -1.        
 7.33500176  7.91050931 -1.        
 8.38698256  8.60302035 -1.        
 8.86115436  8.95470601 -1.        
 7.88469561  8.98166823 -1.        
 8.69696179  9.11840982 -1.        
 8.61164019  8.32580924 -1.        
 8.73381301  9.20820271  1.        
 9.0135355   8.83743539  1.        
 9.87320499  9.97540242  1.        
 9.41747064  8.60136158  1.        
 8.55552506  8.72311537  1.        
 9.44973819  9.7681162   1.        
 9.59756376  9.20147864  1.        
 9.04294056  8.20288434  1.        
 8.58871539  8.65432159  1.        
 8.68156768  8.93092638  1.        
 9.71952986  9.46807749  1.        
 9.02289566  8.24484268  1.        
 8.24916501  9.42005792  1.        
 8.77526816  9.22274008  1.        
 9.21223028  8.67565975  1.        
 9.22458518  9.05030918  1.        
 9.32553713  8.49160696  1.        
 8.84851777  9.52179073  1.        
 8.66350577  9.72265433  1.        
 8.66659149  9.39176087  1.        
 8.88977991  8.5260023   1.        
 8.15145318  8.51949316  1.        
 8.86427673  9.80919506  1.        
 8.54201739  9.63327475  1.        
 8.66408758  8.94660218  1.        
 8.69357021  9.08858364  1.        
 9.15532009  9.13141575  1.        
 8.00059156  9.26374292  1.        
 9.42956323  9.54986858  1.        
 8.63117766  9.00422125  1.        
 9.91717861  9.36041117  1.        
 9.96551404  9.09631973  1.        
 9.39134834  9.72800546  1.        
 9.43165999  9.47134911  1.        
 9.2776472   9.22934515  1.        
  8.83816636  10.03779699   1.        
  8.65639571  10.36457138   1.        
 9.18826049  9.3852091   1.        
  9.71927412  10.01243019   1.        
 8.93600706  9.11891272  1.        
 9.68453095  8.70091567  1.        
 8.90269275  9.08482236  1.        
 8.31728266  9.95766689  1.        
 8.71608792  8.76178285  1.        
 9.11869761  8.90256152  1.        
 7.67743044  6.38877105  1.        
 7.62385617  6.05665166  1.        
 7.67116835  7.06628297  1.        
 6.94373687  7.49074176  1.        
 6.34555228  7.02684565  1.        
