-1.10763171 -0.88126732 -1.        
-0.15059265 -0.94710446 -1.        
-0.49995312 -0.87143734 -1.        
-1.31446984  0.45084375 -1.        
-1.15117867 -0.96686229 -1.        
-2.0159754 -0.2598272 -1.       
-0.06514162 -0.77807949 -1.        
-1.25597658 -0.68023608 -1.        
-0.41170064 -0.15686739 -1.        
 0.07262857 -0.52603947 -1.        
-0.5001082  -0.80194665 -1.        
-0.43476222 -0.20743161 -1.        
-0.70331607 -1.18001328 -1.        
-0.41253173 -0.74917109 -1.        
-0.77815249  0.0742443  -1.        
-1.07875838 -0.79523949 -1.        
-0.09284948  0.09720725 -1.        
-1.00886805 -0.59035731 -1.        
-0.67780225 -0.13026652 -1.        
-0.69855735 -0.80017012 -1.        
-0.16188148  0.16177846 -1.        
-0.64259219 -0.9913559  -1.        
-1.61236001 -1.13289675 -1.        
-1.48028002 -0.69233267 -1.        
-0.98441127 -0.8573433  -1.        
 0.04240006 -0.36873315 -1.        
 0.11446571 -0.17872185 -1.        
-0.57261401  0.27560862 -1.        
-0.53831019 -0.6902917  -1.        
-1.1475187  -1.53717211 -1.        
 0.33118855 -0.47602625 -1.        
-1.49618004 -0.1187739  -1.        
-1.01033572 -0.62395981 -1.        
-0.50636962 -0.05046889 -1.        
-0.61382354 -0.44646015 -1.        
-0.34416196  0.37087449 -1.        
-0.72285904 -0.33272706 -1.        
-1.33944016 -0.82674013 -1.        
-0.14845709 -1.11282746 -1.        
-0.79698899 -0.61757791 -1.        
-0.80979465 -0.031985   -1.        
-0.79213136 -1.29304901 -1.        
-0.37022633  0.13908695 -1.        
-0.04069658 -0.01782172 -1.        
-0.66350387 -0.34594969 -1.        
 1.93013303  1.42357644 -1.        
 1.34256553  1.8763461  -1.        
 0.88442072  2.32658378 -1.        
 1.01906099  1.05345534 -1.        
 1.09648783  1.14267253 -1.        
 2.12620684  1.61967907  1.        
 1.0203617   1.47399328  1.        
 1.4220704   1.52407707  1.        
 0.34202272  1.18871125  1.        
 1.67528942  0.93444125  1.        
 2.06719213  2.15339005  1.        
 1.10621354  1.45370493  1.        
 0.63602597  1.46200723  1.        
 1.64698822  0.7779463   1.        
 1.07060651  1.32408275  1.        
 1.61388504  1.25341977  1.        
 1.50169531  0.92100648  1.        
 1.66104549  0.83881704  1.        
 1.21517115  1.53159849  1.        
 2.35135318  1.61119866  1.        
 1.46058107  1.33173919  1.        
 1.73407121  2.43441942  1.        
 0.99063964  2.64662286  1.        
 0.75108822  1.75028029  1.        
 1.19238091  1.054983    1.        
 0.4648856  0.0980604  1.       
 1.61340431  0.85062559  1.        
 1.78777119  1.5130152   1.        
 1.36421647  1.94309998  1.        
 1.56490539  1.88331029  1.        
 0.71049274  0.92495961  1.        
 2.20943739  0.91693337  1.        
 1.65949114  1.55335489  1.        
 1.72952428  1.66086078  1.        
 1.59211036  1.00318916  1.        
 1.11274167  1.68133137  1.        
 2.29050489  1.68370084  1.        
 1.58030872  1.12549988  1.        
 0.70427225  0.88872127  1.        
 1.3060938   0.94177493  1.        
 1.43787037  1.36581934  1.        
 1.44788672  1.12486522  1.        
 0.89978374  0.75679087  1.        
 1.14294824  0.91098677  1.        
 0.46081433  0.81090981  1.        
 1.45339184  1.18021786  1.        
 2.37723306  1.73791897  1.        
 1.59254233  2.96780724  1.        
 2.23064167  1.4743468   1.        
 0.73456387  2.19837971  1.        
-0.0150297  -0.31641431  1.        
 0.57108183  0.57643493  1.        
-1.15165077 -1.73783389  1.        
-0.34614671 -0.33237806  1.        
-0.53150857 -0.92826514  1.        
