 98.08902748  97.97057807  -1.        
 98.16260897  98.68645277  -1.        
 97.96420112  98.16466531  -1.        
 98.51724815  98.07313188  -1.        
 99.00651411  98.37581863  -1.        
 98.83595049  98.3295164   -1.        
 98.76627398  97.98862827  -1.        
 98.80220799  98.55606447  -1.        
 98.74907632  98.61552615  -1.        
 99.51294896  98.83318357  -1.        
 98.25723474  97.4999525   -1.        
 99.07487999  99.18928665  -1.        
 98.70588476  98.89786397  -1.        
 98.25961856  98.33690754  -1.        
 98.9541565   98.41776242  -1.        
 99.20215876  99.10523407  -1.        
 97.40708154  98.4330038   -1.        
 98.10862778  98.90320332  -1.        
 98.41023729  98.07478118  -1.        
 98.01382192  98.44850726  -1.        
 98.72419846  98.82068544  -1.        
 98.1976038   98.64915854  -1.        
 98.83825259  99.17345406  -1.        
 97.64233693  98.575876    -1.        
 98.89449739  97.71320327  -1.        
 99.39469671  98.97382792  -1.        
 97.87695974  99.33182858  -1.        
 99.78758263  98.22592149  -1.        
 97.79220211  97.94454329  -1.        
 98.75263895  98.44807976  -1.        
 97.3883739   98.74533999  -1.        
 98.56891087  98.08016861  -1.        
 98.89759156  98.90242227  -1.        
 98.85863215  98.16764169  -1.        
 98.70431294  98.31949693  -1.        
 98.10232866  98.88290421  -1.        
 99.14124678  99.45960792  -1.        
 98.86495391  98.8768027   -1.        
 99.39236459  98.34376755  -1.        
 98.80243691  98.12959968  -1.        
 99.00328367  99.9682597   -1.        
 98.39580512  98.21563963  -1.        
 99.63277267  98.02018417  -1.        
 98.62960029  98.37296252  -1.        
 98.89029767  97.93421322  -1.        
  99.89709197  100.35268805   -1.        
 101.16393886   99.47058979   -1.        
 100.08752522  101.0215863    -1.        
 100.07169468  100.13384149   -1.        
 100.44264274   99.7068426    -1.        
 100.6377916   100.26180721    1.        
 100.61151707  100.1006904     1.        
  99.69300359  100.08759327    1.        
 100.26775717  100.27535201    1.        
 100.45064635  100.40065868    1.        
 101.39411426  100.39515863    1.        
 100.65932999  100.46169793    1.        
 100.8606387   100.14679834    1.        
  99.12641207  100.01340323    1.        
 100.48086403   99.62282507    1.        
 100.49321097   99.78703059    1.        
 100.67317325  100.99966525    1.        
 100.22700428  101.4678575     1.        
 100.26139243  100.21071003    1.        
 100.48873693  100.58628417    1.        
 100.47443746  100.10152968    1.        
  99.49731833  100.7114932     1.        
 100.52084853  101.25249133    1.        
 100.71437529  100.32349591    1.        
 101.12685963   99.9331833     1.        
 100.24683761  100.45245766    1.        
 100.6738108   100.02041489    1.        
 101.512104    100.44045498    1.        
 100.75873834  100.85850637    1.        
 100.33516919  100.63623191    1.        
 100.53313178  100.63094       1.        
 100.69719725  100.13490137    1.        
 100.19346726  100.42477465    1.        
 100.70894379  100.96525475    1.        
 100.58743836  100.30983133    1.        
 100.13440318  100.58289667    1.        
 100.17015152  100.30761047    1.        
 100.77441924   99.56643732    1.        
 100.38235917  100.19788031    1.        
 100.47242239  100.7093091     1.        
 100.28756419  100.47446104    1.        
 100.3013047   100.95679479    1.        
 100.43881513  100.79405385    1.        
 100.50842248  101.07869466    1.        
 101.93256665  100.34445751    1.        
 100.63857545  100.75537676    1.        
 100.18479673  101.11228318    1.        
 100.55966043  100.82125719    1.        
 101.43864597  100.53408443    1.        
  99.99382076  100.39105025    1.        
 98.55692844  98.30542318   1.        
 98.59258146  98.2408991    1.        
 98.82588311  98.53422282   1.        
 99.41123905  97.96976679   1.        
 97.92470397  98.38302963   1.        
