 107.14148581  107.84524612   -1.        
 107.51408155  106.68352888   -1.        
 108.05598761  108.45874408   -1.        
 106.79900363  107.32941817   -1.        
 107.70455722  107.81544164   -1.        
 107.01383886  107.10655647   -1.        
 107.73943077  107.35859688   -1.        
 107.83198493  107.11215517   -1.        
 107.4927802   107.53891099   -1.        
 108.52752726  106.7056102    -1.        
 108.08762509  107.40552824   -1.        
 107.53401354  107.73790872   -1.        
 107.09061624  107.15955101   -1.        
 107.72584978  107.28043028   -1.        
 107.44714894  106.64438896   -1.        
 107.39461629  108.34652529   -1.        
 108.14411867  107.3390056    -1.        
 108.01792836  107.14769251   -1.        
 106.90821946  106.674007     -1.        
 106.8576378   106.65681185   -1.        
 107.36358152  107.65847671   -1.        
 107.09971231  107.81680528   -1.        
 106.54407614  106.82724341   -1.        
 106.86670091  107.92350916   -1.        
 107.82344767  107.48008816   -1.        
 106.99636997  107.35140385   -1.        
 107.46228125  107.7603074    -1.        
 106.90464095  108.07994627   -1.        
 108.34870619  107.61414237   -1.        
 108.09329182  108.33528745   -1.        
 107.48448133  106.97938687   -1.        
 107.57020959  107.44992156   -1.        
 107.91121118  107.86279985   -1.        
 107.30903411  107.86357922   -1.        
 107.49083884  108.01805337   -1.        
 107.46157369  107.34188731   -1.        
 107.64590817  107.18272064   -1.        
 107.8675677   107.73283074   -1.        
 107.2322987   107.35637394   -1.        
 107.22929313  107.28138158   -1.        
 107.45415355  108.50090611   -1.        
 107.76623673  108.08394329   -1.        
 107.8790641  107.2015521   -1.       
 107.75013058  107.94664314   -1.        
 107.52990783  107.64966133   -1.        
 109.70936017  109.34850569   -1.        
 109.0509484   110.93917909   -1.        
 108.7220474   109.57724411   -1.        
 110.37148988  109.32572641   -1.        
 109.18283105  108.77811964   -1.        
 109.05685177  109.33145533    1.        
 109.8976657   109.82273829    1.        
 109.23169494  108.17632153    1.        
 109.9663042   109.08911163    1.        
 109.74523378  109.17715343    1.        
 109.48696192  110.30705412    1.        
 109.35319174  110.06202793    1.        
 110.44203301  108.81242067    1.        
 109.48168195  109.16070609    1.        
 109.53773943  110.00386448    1.        
 110.0159078   109.82261943    1.        
 108.94210926  109.28345394    1.        
 109.91345123  109.73421148    1.        
 109.42291985  110.85321081    1.        
 108.63111976  109.82037056    1.        
 110.26165122  109.38097014    1.        
 110.00345389  109.2473937     1.        
 109.58727249  109.51994714    1.        
 110.22994541  109.84705661    1.        
 108.78035675  110.06943927    1.        
 109.60617538  109.69363971    1.        
 109.79873317  109.2476629     1.        
 109.08806586  109.18325304    1.        
 109.95466378  109.67664474    1.        
 108.93026255  109.4781127     1.        
 110.74654317  109.33113784    1.        
 109.56846975  110.12108124    1.        
 109.73835223  109.69185897    1.        
 109.75964513  109.45539386    1.        
 109.80925826  109.24631305    1.        
 108.84075798  110.07372544    1.        
 109.73227073  109.66631502    1.        
 109.69499378  109.38392079    1.        
 109.68871242  108.79973597    1.        
 109.30105832  110.00470318    1.        
 109.76770494  109.26423818    1.        
 109.52142993  110.10723193    1.        
 110.0969938   109.73941715    1.        
 109.70843211  110.06293173    1.        
 110.04661902  109.004381      1.        
 109.42237617  109.57466314    1.        
 109.35050795  108.61620686    1.        
 109.39696652  109.64814282    1.        
 110.56036651  109.01005574    1.        
 109.60501652  109.52136989    1.        
 107.14101072  107.17482793    1.        
 108.00165261  107.79735128    1.        
 107.70407458  108.48440966    1.        
 107.44551417  107.96635178    1.        
 106.87689139  107.88178681    1.        
