 33.87900205  33.32606002  -1.        
 34.13296742  34.40622635  -1.        
 33.70502777  34.3230201   -1.        
 34.54574066  34.11871003  -1.        
 33.32832042  33.87474385  -1.        
 34.68323757  34.5928324   -1.        
 33.47079599  34.36629729  -1.        
 33.54073918  34.06579207  -1.        
 33.6950638   33.70839412  -1.        
 33.84156862  34.44751935  -1.        
 34.60835231  34.35806595  -1.        
 34.06160628  34.92720614  -1.        
 34.51099635  33.9020581   -1.        
 33.64290005  34.32953134  -1.        
 33.01945136  33.87840494  -1.        
 33.55564189  33.95278025  -1.        
 33.9421288   33.72273401  -1.        
 33.0514797   33.81184683  -1.        
 34.76982388  34.85769217  -1.        
 35.13093643  34.01653607  -1.        
 33.64871302  33.72193935  -1.        
 33.87938193  33.40976053  -1.        
 33.82162247  33.80344351  -1.        
 34.37491948  34.97257403  -1.        
 34.68549531  33.84130851  -1.        
 34.1731922   33.75825282  -1.        
 34.06090851  33.42083992  -1.        
 33.68325784  34.3672233   -1.        
 34.19529685  34.36533489  -1.        
 33.24392226  34.51427569  -1.        
 33.68067357  33.88353014  -1.        
 33.48670091  33.63932116  -1.        
 33.53213429  34.66413742  -1.        
 33.54999693  33.73591965  -1.        
 33.62467755  33.25146152  -1.        
 34.04130084  35.13280597  -1.        
 34.13585069  34.95932781  -1.        
 34.00792495  34.61559377  -1.        
 33.89708283  34.03700905  -1.        
 34.36006236  34.03150904  -1.        
 33.96041213  34.31068205  -1.        
 33.92864343  33.94069501  -1.        
 34.1406669   35.18376228  -1.        
 34.83204317  34.09430993  -1.        
 33.99866933  33.88208706  -1.        
 35.82180177  35.94183502  -1.        
 36.1820862  35.8128369  -1.       
 36.30186536  35.93778624  -1.        
 36.1536683   36.35368968  -1.        
 36.15631491  36.32385193  -1.        
 35.86809933  36.20924037   1.        
 35.50535461  35.99380756   1.        
 35.90785159  36.31318604   1.        
 35.30320497  35.88667513   1.        
 35.7826764   35.48499024   1.        
 35.43978296  35.26253968   1.        
 36.26673678  36.75490977   1.        
 36.43027157  34.95469245   1.        
 35.81439779  36.05851271   1.        
 35.92963436  36.42226799   1.        
 36.13390484  35.20349203   1.        
 36.18965954  35.93510371   1.        
 35.9516711  35.6599036   1.       
 36.09938933  36.04681265   1.        
 36.0837975   35.51947131   1.        
 36.51968859  36.0040551    1.        
 35.24349774  36.14569756   1.        
 35.93419391  36.44831306   1.        
 36.33406349  35.67613533   1.        
 36.68461605  36.23501721   1.        
 35.43228113  36.82779301   1.        
 36.25673172  36.49540616   1.        
 35.63164516  36.39860401   1.        
 35.31225025  35.79611999   1.        
 35.5889063   36.14596479   1.        
 36.13410119  35.08054264   1.        
 36.23558075  35.88289392   1.        
 35.4090784   35.58357922   1.        
 36.98156946  36.1337293    1.        
 35.73794887  35.92427874   1.        
 35.99840525  35.22773927   1.        
 35.4200805   36.51740816   1.        
 35.98652805  35.60867822   1.        
 37.00377639  36.00236925   1.        
 37.33600101  36.20978337   1.        
 35.98133596  35.90110517   1.        
 36.51998907  36.01063218   1.        
 35.49148994  35.48816497   1.        
 35.82728266  34.85683278   1.        
 35.29226131  36.42848169   1.        
 35.42634026  36.58490876   1.        
 36.75630185  35.88862499   1.        
 35.86913525  34.8340606    1.        
 35.7304661   36.05567549   1.        
 35.46836651  35.76648882   1.        
 34.01120818  34.54066261   1.        
 33.98141712  34.19526127   1.        
 34.4650749  33.760782    1.       
 34.09637626  32.61018341   1.        
 33.55496368  34.15989542   1.        
