 131.57316137  131.47887304   -1.        
 131.62350707  130.87152363   -1.        
 132.15799343  131.36362943   -1.        
 131.64443294  131.95733252   -1.        
 131.60041156  130.59000174   -1.        
 132.04521255  131.09439733   -1.        
 131.57467386  132.01864297   -1.        
 130.63005123  131.38046625   -1.        
 130.76399071  131.18203855   -1.        
 131.42866566  131.49197213   -1.        
 130.7961764   131.09481223   -1.        
 130.4724846   131.97664055   -1.        
 131.99445638  131.24234073   -1.        
 131.56561664  131.07411903   -1.        
 130.25467657  131.94295951   -1.        
 131.55518666  131.42612782   -1.        
 131.797249    131.19204835   -1.        
 131.67205105  131.78708168   -1.        
 131.04395234  131.64897043   -1.        
 131.64423444  130.81530026   -1.        
 130.9557506   130.88956873   -1.        
 132.46669002  131.77418039   -1.        
 130.88740336  131.43138119   -1.        
 132.83110646  131.61374643   -1.        
 131.79380138  131.08133562   -1.        
 130.29730286  130.71773921   -1.        
 131.0352088   131.36035984   -1.        
 130.96172539  130.66023613   -1.        
 131.19692764  130.74622462   -1.        
 131.29725158  131.75931518   -1.        
 131.82170991  131.5578746    -1.        
 131.52422761  131.53409821   -1.        
 131.83375759  131.00866884   -1.        
 130.87855243  130.6900533    -1.        
 131.46803709  131.78107464   -1.        
 131.93594743  130.79075485   -1.        
 130.92831245  130.91734855   -1.        
 131.87400869  131.7738736    -1.        
 130.97921651  130.32862693   -1.        
 131.39163111  131.57812095   -1.        
 131.22893221  131.92820286   -1.        
 132.10753994  132.33012272   -1.        
 131.59146807  131.81077141   -1.        
 132.06955114  131.35325504   -1.        
 131.02049101  132.4111329    -1.        
 133.20223036  133.94826457   -1.        
 133.33268197  132.99823854   -1.        
 134.15422442  133.30128189   -1.        
 132.93614892  133.20229716   -1.        
 133.16088815  133.0834016    -1.        
 133.52829627  133.72891522    1.        
 134.10566951  133.03910541    1.        
 134.38497409  133.2494245     1.        
 133.30154211  132.93862198    1.        
 133.6563904   133.53923561    1.        
 133.16910621  133.55955074    1.        
 134.33860641  133.66503638    1.        
 132.89532215  134.35832308    1.        
 132.78140433  133.65922414    1.        
 133.66259918  133.19154418    1.        
 133.72784148  133.50035366    1.        
 133.5711269   134.13426289    1.        
 134.50731521  134.12020662    1.        
 133.55958861  134.25077116    1.        
 134.05008567  133.45485241    1.        
 133.50599656  134.38937385    1.        
 133.91489718  133.80782459    1.        
 134.69018807  132.69597751    1.        
 133.52858086  134.13597078    1.        
 135.12317831  134.3783636     1.        
 133.91851247  133.54065358    1.        
 133.8379849   133.63684451    1.        
 133.76111486  133.65545249    1.        
 133.05959065  133.41563323    1.        
 133.56273901  134.07190361    1.        
 132.72553795  134.27818502    1.        
 133.13212579  133.87959843    1.        
 132.80559999  133.87648429    1.        
 133.45656357  133.64435749    1.        
 132.2782954   133.25469179    1.        
 133.32168355  133.91393523    1.        
 133.57747011  133.62118068    1.        
 133.70686702  133.96859262    1.        
 133.18101093  133.48015356    1.        
 132.76204218  133.39130493    1.        
 132.7079981   134.12813327    1.        
 133.44930013  133.5044693     1.        
 133.87447087  133.8830084     1.        
 133.3881715   133.78125454    1.        
 133.26771163  133.65547683    1.        
 134.3440293  132.9456062    1.       
 133.25741596  133.69663842    1.        
 133.86805996  133.34573541    1.        
 133.75296119  133.01375497    1.        
 133.42538534  132.9734483     1.        
 132.31839732  131.22002726    1.        
 131.83455735  131.95288031    1.        
 131.32945196  132.02128987    1.        
 131.46065011  132.19853256    1.        
 131.96513572  132.35860985    1.        
