 135.86246498  136.70958698   -1.        
 135.39748547  135.82578295   -1.        
 135.24496485  136.06958221   -1.        
 135.74651663  135.32734178   -1.        
 135.55253641  136.72722551   -1.        
 135.65534465  136.51995905   -1.        
 135.86339432  135.64827335   -1.        
 135.71886045  135.58250123   -1.        
 135.01721172  135.89429085   -1.        
 136.63979522  136.29773571   -1.        
 135.621757    136.54402515   -1.        
 136.65296256  135.60504263   -1.        
 136.06584504  135.67434233   -1.        
 136.89111255  136.52426255   -1.        
 136.16561391  136.37835855   -1.        
 135.04302102  135.95705201   -1.        
 134.91421408  136.1622607    -1.        
 136.01514787  136.45928118   -1.        
 136.00189885  135.12534412   -1.        
 135.85184683  135.4752       -1.        
 135.43852146  135.89762215   -1.        
 136.11544882  136.20406146   -1.        
 135.36694981  136.66425185   -1.        
 136.32298719  136.58055767   -1.        
 136.61083216  136.13833669   -1.        
 136.54743508  135.68647175   -1.        
 135.56617135  136.19658833   -1.        
 136.67093571  136.39552768   -1.        
 136.70037766  136.77682928   -1.        
 136.35549966  135.42991368   -1.        
 136.33781404  136.00196654   -1.        
 136.38666203  136.2955831    -1.        
 136.14322847  135.6916109    -1.        
 136.27172728  136.19879365   -1.        
 135.87110876  135.80303141   -1.        
 135.41818588  136.71198731   -1.        
 136.1876868   136.19395927   -1.        
 135.93446528  135.84033129   -1.        
 135.50013554  135.84921982   -1.        
 135.18636086  135.76301427   -1.        
 135.7589541   136.14851702   -1.        
 135.73916511  135.80889952   -1.        
 136.87529945  135.86612904   -1.        
 136.52267694  135.22791951   -1.        
 136.49974742  136.02834227   -1.        
 138.01964969  138.29524071   -1.        
 137.50375818  137.20262255   -1.        
 137.86189954  137.93268374   -1.        
 137.89983821  138.65488685   -1.        
 137.95072216  138.33466023   -1.        
 138.86615276  136.97177279    1.        
 137.80986847  138.36394467    1.        
 137.8884791   138.41227451    1.        
 137.81498594  138.265781      1.        
 137.33259991  139.10868757    1.        
 137.81988542  137.69271902    1.        
 138.15265422  137.38371202    1.        
 137.83999593  138.52561096    1.        
 138.41744403  137.95582613    1.        
 138.18996682  138.14000331    1.        
 137.57409635  139.22510959    1.        
 137.81556671  137.30434512    1.        
 138.54222027  136.98613792    1.        
 138.11986117  138.52512083    1.        
 138.22131932  137.26317137    1.        
 138.3228557   137.99007918    1.        
 138.68925206  138.51849201    1.        
 136.98824856  138.20091223    1.        
 137.85796273  137.34793147    1.        
 138.14898747  137.59444388    1.        
 137.82015576  137.93987958    1.        
 138.58983341  138.41074513    1.        
 137.90805193  138.97728052    1.        
 137.8191256   138.45396965    1.        
 137.59544841  137.94565201    1.        
 137.4253937   137.76757033    1.        
 137.49972508  139.27287045    1.        
 137.83014754  137.37736026    1.        
 137.50915168  136.69200445    1.        
 138.15717862  137.98784183    1.        
 137.80816859  138.21633325    1.        
 137.88196477  138.4028904     1.        
 137.76302046  137.99123541    1.        
 137.59809157  137.31374939    1.        
 138.5721558   137.49425077    1.        
 137.57357609  138.01058074    1.        
 137.22907087  138.0847513     1.        
 137.53012213  138.38815377    1.        
 138.49697135  138.33472605    1.        
 137.13398769  138.47420273    1.        
 137.33394975  138.04806369    1.        
 137.71926082  137.70965181    1.        
 138.05985959  138.18604425    1.        
 138.08705401  138.04967425    1.        
 138.3437854   137.35576644    1.        
 135.4659488   136.30730754    1.        
 135.59510685  135.27764144    1.        
 135.85903027  135.38555684    1.        
 135.88153498  135.82888579    1.        
 135.2950694   135.93715841    1.        
