 56.2097698   57.22317223  -1.        
 56.96976818  57.20600652  -1.        
 56.36434005  57.16333353  -1.        
 56.19299143  56.73366528  -1.        
 56.73692006  56.87313599  -1.        
 56.21744427  55.83294798  -1.        
 57.01747791  56.24384767  -1.        
 57.42993968  56.66570813  -1.        
 56.0629001  56.6966145  -1.       
 56.00441288  56.35813123  -1.        
 56.44492861  56.6037014   -1.        
 56.24737322  56.52337232  -1.        
 56.22157052  56.80456641  -1.        
 56.85216933  56.11744626  -1.        
 56.82146431  55.99578437  -1.        
 55.37666303  56.28920615  -1.        
 57.09522398  57.26263448  -1.        
 55.89106695  56.27520341  -1.        
 56.41179094  55.93086413  -1.        
 56.4110824   56.24331593  -1.        
 56.03139566  56.62464368  -1.        
 56.69232147  56.58680791  -1.        
 56.89133825  57.00398817  -1.        
 56.66062381  57.3152331   -1.        
 56.00681939  56.54264852  -1.        
 56.80269139  56.3982432   -1.        
 56.45863945  55.83612363  -1.        
 56.12555291  56.48418943  -1.        
 57.19934132  55.93823314  -1.        
 55.9877089   56.65610146  -1.        
 56.92806996  56.51434963  -1.        
 56.53712079  55.87578291  -1.        
 56.39654503  56.15666163  -1.        
 57.08047993  56.77030059  -1.        
 56.60234123  56.49573485  -1.        
 57.05869415  55.74228499  -1.        
 56.84062031  56.90228118  -1.        
 56.22220085  56.87459497  -1.        
 56.43742615  56.24834687  -1.        
 56.5715059   55.97725159  -1.        
 56.84428531  57.008113    -1.        
 56.92519641  55.82125074  -1.        
 57.70309006  56.46642437  -1.        
 55.19521431  55.90769712  -1.        
 56.44759253  56.03625322  -1.        
 58.84267592  58.27161229  -1.        
 58.07169122  59.55430929  -1.        
 59.1675074   58.40029356  -1.        
 58.27859787  59.31402878  -1.        
 57.84654044  58.41449531  -1.        
 57.9270178   58.33191104   1.        
 58.26561601  58.27934067   1.        
 58.7114676   58.36041563   1.        
 57.90086317  58.09115064   1.        
 57.81906581  58.51107926   1.        
 58.93553343  58.60721893   1.        
 58.20587587  58.13645464   1.        
 58.60968886  59.48094089   1.        
 58.06706976  57.56363194   1.        
 58.15556238  58.62436715   1.        
 57.94859023  58.98031368   1.        
 58.57308964  58.74737539   1.        
 58.18344823  59.21779367   1.        
 58.68209967  59.01044041   1.        
 58.82773336  58.26358666   1.        
 58.6665738   58.45614549   1.        
 58.52261887  59.10784214   1.        
 58.82635652  58.83222403   1.        
 58.55824928  59.23793951   1.        
 58.09628982  57.57660564   1.        
 58.25482802  58.28623349   1.        
 58.95911439  59.06833412   1.        
 58.46944113  58.45546268   1.        
 57.85715969  58.77078688   1.        
 57.84128608  58.64954829   1.        
 58.18485038  58.99726859   1.        
 57.93538396  58.41378126   1.        
 58.31949563  57.8106069    1.        
 58.13658355  58.12605668   1.        
 58.39264304  58.80354491   1.        
 58.96509152  58.68182146   1.        
 58.41820931  58.5773937    1.        
 58.57798747  58.91293788   1.        
 58.44263439  58.73790906   1.        
 57.97305173  58.24795474   1.        
 58.96501112  58.43511561   1.        
 58.2360772   58.20375605   1.        
 58.39892617  59.04421643   1.        
 59.14826441  58.34080154   1.        
 59.05139586  58.29075113   1.        
 58.98319465  57.64137323   1.        
 58.3650447   57.70516457   1.        
 58.10580165  58.60852178   1.        
 59.34235372  58.12891748   1.        
 59.06620164  58.80558935   1.        
 56.58290326  56.82110555   1.        
 55.63184144  56.42056794   1.        
 57.21917732  56.99959028   1.        
 56.46515277  56.03076817   1.        
 56.96045839  56.21175109   1.        
