 122.45011924  123.31519096   -1.        
 122.7171467   122.64629786   -1.        
 122.81706321  122.11004872   -1.        
 122.31341897  122.4968812    -1.        
 122.28595233  122.57408459   -1.        
 121.96257055  122.04963545   -1.        
 122.79299763  123.12911117   -1.        
 123.38255433  122.30142492   -1.        
 122.28932656  122.92813361   -1.        
 122.81664665  122.36192388   -1.        
 122.46987586  122.9149828    -1.        
 122.82625799  123.06620191   -1.        
 122.73411966  121.55515986   -1.        
 123.12156432  121.71236309   -1.        
 121.90028651  122.71601632   -1.        
 123.17230766  122.61228838   -1.        
 122.11135222  122.45995265   -1.        
 122.09422762  122.1855498    -1.        
 122.02182831  122.04742177   -1.        
 122.46072628  122.99252374   -1.        
 122.13766008  121.64782436   -1.        
 122.25812097  122.24423626   -1.        
 122.37569636  122.80302732   -1.        
 121.33139524  122.18270686   -1.        
 121.68013414  122.31147753   -1.        
 122.74982253  122.86534089   -1.        
 122.46725531  122.86046179   -1.        
 122.1648154   123.17184131   -1.        
 123.00598174  122.27313287   -1.        
 122.04494661  122.04652165   -1.        
 122.21870968  122.36163706   -1.        
 122.22539104  122.68213447   -1.        
 122.1150974   122.16876208   -1.        
 123.30377663  121.84641944   -1.        
 122.55997557  122.66731076   -1.        
 122.64066812  121.90320056   -1.        
 122.63661244  122.5249537    -1.        
 121.45840485  123.21421681   -1.        
 122.46898118  123.22746429   -1.        
 122.54574248  121.86557684   -1.        
 123.4988405   122.66655278   -1.        
 123.56737051  122.19224535   -1.        
 122.30109869  122.3965619    -1.        
 122.71613392  122.49369879   -1.        
 123.32440775  122.55610329   -1.        
 124.90388355  125.00321569   -1.        
 124.935388   123.7909146   -1.       
 124.49265729  124.71545863   -1.        
 124.95707984  124.35452266   -1.        
 124.89750496  124.67219373   -1.        
 124.62914554  124.23962397    1.        
 124.54345655  124.23988142    1.        
 124.88571843  123.78185372    1.        
 123.73199744  124.25671733    1.        
 125.12901161  124.43425507    1.        
 124.70957188  124.56071       1.        
 123.81492719  124.06956378    1.        
 124.57218147  124.44748924    1.        
 124.86723608  123.16942013    1.        
 125.59929353  124.32075819    1.        
 124.23026809  124.49311405    1.        
 124.33955456  124.64112998    1.        
 124.69132698  125.0208526     1.        
 125.39636711  125.06948486    1.        
 124.42279512  124.73741999    1.        
 125.46041802  125.33069206    1.        
 124.92324481  124.21446156    1.        
 123.8751624   124.85272529    1.        
 124.41226266  124.84081648    1.        
 124.3812225   124.26460311    1.        
 124.79411154  124.32177278    1.        
 125.79327156  124.86280213    1.        
 124.73856421  124.58536469    1.        
 123.7118582   124.29769769    1.        
 124.11506778  124.19391253    1.        
 124.54173957  124.18597004    1.        
 124.93558776  124.21542387    1.        
 124.67482293  123.88902998    1.        
 124.76363844  124.07346985    1.        
 124.35767939  125.44547839    1.        
 123.76095257  124.96007127    1.        
 125.12225274  124.98026432    1.        
 124.28268981  123.9698069     1.        
 125.13906384  124.32622206    1.        
 124.79030685  124.81894248    1.        
 124.45531046  124.6250779     1.        
 124.12118907  125.41637609    1.        
 123.72320368  124.32671696    1.        
 123.74780964  124.46547294    1.        
 124.63162275  124.31678639    1.        
 124.1381389   125.17254604    1.        
 124.45435587  124.56691043    1.        
 124.28533719  124.91032112    1.        
 124.42178785  123.98798931    1.        
 124.47779665  123.91865302    1.        
 122.69304878  122.76474187    1.        
 122.44962115  122.30844742    1.        
 123.28168195  122.33804353    1.        
 122.76560677  122.23981896    1.        
 122.55059765  122.57679602    1.        
