 61.29264462  61.36558597  -1.        
 61.94187158  61.83624015  -1.        
 60.54658408  61.5272583   -1.        
 60.40159522  60.49660572  -1.        
 60.63042324  60.86828947  -1.        
 60.17038183  60.23773279  -1.        
 61.03468495  61.06539929  -1.        
 60.48103351  61.3234044   -1.        
 60.38684379  61.17016418  -1.        
 60.86134012  60.9456812   -1.        
 61.22454764  60.05235827  -1.        
 60.37942162  61.43227336  -1.        
 60.83346935  60.38356581  -1.        
 60.62597868  61.77440217  -1.        
 60.98347794  61.15223891  -1.        
 60.61512682  60.54462964  -1.        
 60.61867067  61.37292103  -1.        
 60.95553829  60.33777985  -1.        
 60.76922597  61.28527089  -1.        
 60.8726249   60.86914304  -1.        
 61.00457929  61.50031136  -1.        
 60.72716897  61.17923689  -1.        
 61.21607865  60.91305155  -1.        
 60.64932842  61.92483894  -1.        
 61.31796566  60.64448782  -1.        
 60.77774018  60.88968804  -1.        
 60.62227723  60.71004533  -1.        
 60.79508301  60.88568341  -1.        
 60.9858192   60.87051183  -1.        
 60.81576088  61.2455044   -1.        
 61.2053451   59.99445186  -1.        
 60.79953821  60.09317431  -1.        
 61.00612133  60.31584162  -1.        
 60.6710022   61.34626054  -1.        
 60.91240008  60.87817916  -1.        
 61.52419216  60.99707997  -1.        
 61.51567004  61.45014271  -1.        
 61.08612144  61.07356095  -1.        
 60.70818726  61.01723787  -1.        
 61.19965663  60.56441873  -1.        
 60.94419497  60.23588879  -1.        
 61.64185097  60.88556176  -1.        
 60.60372033  61.12762297  -1.        
 60.51302731  60.24384706  -1.        
 60.55183682  60.61353989  -1.        
 63.06797634  62.86338791  -1.        
 62.91889034  63.28815509  -1.        
 63.31618322  62.58180237  -1.        
 62.84755807  62.5239968   -1.        
 63.00587282  63.32322838  -1.        
 63.37542807  63.28579522   1.        
 63.15681628  63.36925831   1.        
 62.62174535  62.52848315   1.        
 63.48197779  63.41720188   1.        
 62.79193525  62.68451932   1.        
 63.13350676  62.53263291   1.        
 61.84737028  63.34399997   1.        
 63.32987277  62.55480826   1.        
 62.55905933  62.42111737   1.        
 63.30101713  62.92253724   1.        
 63.13051145  63.21870029   1.        
 62.21435669  63.07377552   1.        
 63.44150018  63.18933019   1.        
 62.96842971  63.50361343   1.        
 62.72057816  62.7197158    1.        
 62.0792639   63.36617409   1.        
 63.03457043  63.02405848   1.        
 62.37847283  61.76140955   1.        
 63.68142213  62.74519271   1.        
 63.01259281  63.07029873   1.        
 62.93796217  62.68001242   1.        
 63.26767924  62.42454585   1.        
 62.83673707  62.51638137   1.        
 63.57865576  62.33555286   1.        
 61.68860014  63.03323245   1.        
 63.0580715   63.26485642   1.        
 62.32103323  63.39051103   1.        
 62.46172551  63.57696788   1.        
 62.76362774  62.97227565   1.        
 62.38549664  63.12272637   1.        
 62.06333592  62.37514723   1.        
 62.89528603  63.1180353    1.        
 63.26890121  62.97560718   1.        
 62.20927905  62.16664302   1.        
 62.79367795  63.22049351   1.        
 63.21916649  62.84440935   1.        
 63.20895165  62.41653756   1.        
 63.37394798  62.25463891   1.        
 62.92334006  63.1604231    1.        
 62.44304969  62.20583783   1.        
 63.31236194  63.43681271   1.        
 62.33003377  63.1624851    1.        
 62.83721178  62.27241988   1.        
 62.96773183  63.41468879   1.        
 63.28892854  62.42922139   1.        
 61.49401737  61.77873153   1.        
 61.75539714  61.35814965   1.        
 60.2167465   61.57372108   1.        
 61.29743087  60.42556542   1.        
 61.72328491  61.00507029   1.        
