 21.80607006  21.99258879  -1.        
 22.18486025  21.6013964   -1.        
 21.88212784  21.76705724  -1.        
 21.4104263   22.11339793  -1.        
 22.02557096  22.17064181  -1.        
 22.35110757  21.97322365  -1.        
 22.35488296  22.91941974  -1.        
 22.54025773  21.75523221  -1.        
 21.94197158  22.38911702  -1.        
 21.89729163  22.32841396  -1.        
 22.32991949  22.89247847  -1.        
 21.28626611  22.22127647  -1.        
 21.42266062  21.93355492  -1.        
 21.93326763  21.58909565  -1.        
 21.45876699  21.88517507  -1.        
 21.76094681  22.26880093  -1.        
 21.95609915  21.33560194  -1.        
 22.43798686  22.02874042  -1.        
 22.24269111  22.11839633  -1.        
 22.54646685  20.8383522   -1.        
 22.23348429  21.90648623  -1.        
 22.5996713   21.96200799  -1.        
 21.09738428  21.26953349  -1.        
 22.29711319  21.69757186  -1.        
 21.64420376  22.15843     -1.        
 22.45322693  22.51012501  -1.        
 21.80820932  22.23271239  -1.        
 21.80881882  21.48401274  -1.        
 21.34545178  22.27837976  -1.        
 22.14368338  21.31380794  -1.        
 22.17449193  21.56862524  -1.        
 22.16135516  21.51607735  -1.        
 22.12142313  22.40876071  -1.        
 22.16867829  21.48100588  -1.        
 23.17366558  21.04356961  -1.        
 21.85974908  22.51236573  -1.        
 22.0360471   21.79792812  -1.        
 21.29214559  22.19836488  -1.        
 21.49720641  21.70737073  -1.        
 22.2826086   22.54923911  -1.        
 21.37959117  22.1822836   -1.        
 21.97190474  22.1723975   -1.        
 22.19484841  21.76373321  -1.        
 22.34409525  21.87636567  -1.        
 21.90266256  21.09478921  -1.        
 23.64007781  23.5420602   -1.        
 23.78038251  25.01171813  -1.        
 23.8783821   23.22380818  -1.        
 24.13232597  23.56859975  -1.        
 23.90828767  24.05915009  -1.        
 23.35599783  23.0155226    1.        
 24.41183187  24.1519011    1.        
 24.62295732  23.86327914   1.        
 24.34811591  24.20346628   1.        
 24.00324448  23.50504208   1.        
 24.36902631  24.04716193   1.        
 24.08948452  24.10242657   1.        
 23.93485339  23.76090768   1.        
 23.86220728  24.20731164   1.        
 23.14559496  24.83896894   1.        
 24.26203569  24.04173831   1.        
 23.21847368  23.2014537    1.        
 23.14738145  23.79336096   1.        
 23.40055479  24.80613035   1.        
 24.30283646  24.68651512   1.        
 24.63121773  23.98051368   1.        
 24.03313832  23.25904207   1.        
 23.12064964  23.9923922    1.        
 24.96271309  23.8159575    1.        
 24.54452914  23.08136298   1.        
 24.28990083  24.0301654    1.        
 24.03280428  23.66802906   1.        
 23.27159933  24.18164805   1.        
 23.46358905  24.72582733   1.        
 22.88140983  23.95816621   1.        
 24.42955218  23.57012792   1.        
 24.20147603  24.1603167    1.        
 23.18001675  23.94477045   1.        
 24.37578459  23.64815682   1.        
 24.30048523  23.84374746   1.        
 23.51761341  23.81964494   1.        
 24.22902895  25.15436061   1.        
 23.7325276   24.56274961   1.        
 24.28485613  23.18519671   1.        
 24.04326634  24.27946514   1.        
 24.78051075  24.06791496   1.        
 24.25341297  24.21267399   1.        
 24.17895015  22.85553604   1.        
 23.98966458  24.36466134   1.        
 24.59977769  24.56467545   1.        
 24.3152879   23.81586586   1.        
 24.37232953  24.3137159    1.        
 24.75198874  24.01933818   1.        
 23.88998252  25.26668917   1.        
 22.94831816  23.87557918   1.        
 21.62199546  23.1142406    1.        
 22.13966142  22.63485937   1.        
 20.89183575  21.21536753   1.        
 21.42675194  22.33054878   1.        
 22.11442714  22.640857     1.        
