 90.64658533  91.21391437  -1.        
 91.65331033  91.323993    -1.        
 90.8243453   90.94838735  -1.        
 91.20221602  91.24516431  -1.        
 91.00985938  91.57791879  -1.        
 91.56955194  91.35712523  -1.        
 91.0395635   91.49481871  -1.        
 90.8976555   91.11581626  -1.        
 91.58845116  90.68853263  -1.        
 90.82395655  90.89718487  -1.        
 90.67894144  90.86444082  -1.        
 91.31048663  90.57031947  -1.        
 91.07659786  92.12783902  -1.        
 92.12076031  90.87660531  -1.        
 90.40161922  90.36678994  -1.        
 91.13659227  90.53251024  -1.        
 90.43328724  91.9512762   -1.        
 90.39798766  91.16334994  -1.        
 91.11225244  91.95376412  -1.        
 91.03556145  90.40958711  -1.        
 90.72746285  91.79404588  -1.        
 90.88386227  91.76574429  -1.        
 91.21993841  91.23231753  -1.        
 90.49127269  90.72449671  -1.        
 91.04213883  91.20749403  -1.        
 91.57688348  91.11717563  -1.        
 91.41130684  90.41726604  -1.        
 90.73177631  90.87343284  -1.        
 91.01509743  91.21825869  -1.        
 91.3848766   90.98369977  -1.        
 90.26639879  90.66175931  -1.        
 91.53812474  90.29232808  -1.        
 90.87004317  90.84286227  -1.        
 91.0051307   90.81926339  -1.        
 90.20728429  90.53696883  -1.        
 91.3281937   91.97062999  -1.        
 90.77744652  90.98613239  -1.        
 90.14482595  90.11471335  -1.        
 90.31658925  91.46046176  -1.        
 91.39528985  90.92712922  -1.        
 90.36515131  91.36451583  -1.        
 90.78830412  90.1213173   -1.        
 90.81237446  91.00604415  -1.        
 90.58410108  91.16470924  -1.        
 92.03553356  90.68977614  -1.        
 93.33476503  93.74768533  -1.        
 93.46045427  93.24136167  -1.        
 93.79592857  92.75078611  -1.        
 92.5768569   93.03939839  -1.        
 92.78484054  93.07997528  -1.        
 92.90497978  92.58727563   1.        
 92.74855379  93.31746042   1.        
 93.76398253  92.65941957   1.        
 92.84902563  92.35322371   1.        
 93.38359553  91.82387234   1.        
 93.58572291  92.47386718   1.        
 93.48605946  93.48271719   1.        
 93.51086156  93.25039081   1.        
 93.12072753  93.60090714   1.        
 92.89421876  93.01656443   1.        
 93.1176855   93.68308631   1.        
 92.94585425  93.70839564   1.        
 93.51283092  92.50846337   1.        
 94.47424786  91.70009504   1.        
 92.54634289  93.24819122   1.        
 91.98221372  93.29391238   1.        
 93.61098739  93.21070392   1.        
 93.29703274  92.27828026   1.        
 92.72290613  93.48566587   1.        
 93.69568695  92.24489244   1.        
 93.38069366  93.05716132   1.        
 92.92734683  93.3823439    1.        
 92.89264945  93.10764368   1.        
 92.10255667  92.78503201   1.        
 92.74286959  93.49690296   1.        
 92.62692496  93.57635061   1.        
 92.4994965   93.12610078   1.        
 92.54916913  92.9538885    1.        
 93.57218702  93.78663922   1.        
 92.84114041  93.17342811   1.        
 93.36217464  93.82554718   1.        
 93.44818243  93.12235663   1.        
 94.24696503  93.0369412    1.        
 93.33166646  92.80384011   1.        
 92.91306     92.08268529   1.        
 93.03356897  92.75144544   1.        
 92.87039127  92.55840827   1.        
 92.57697909  92.76544648   1.        
 92.34561529  92.94398354   1.        
 92.9521324   91.58980978   1.        
 93.23629651  92.17371016   1.        
 92.61318278  93.84575531   1.        
 92.93758624  93.42008902   1.        
 92.85408181  92.57203795   1.        
 93.16109997  92.77508236   1.        
 90.83377873  91.01774057   1.        
 91.6891672   90.58243843   1.        
 90.4515744   90.00289631   1.        
 91.16445147  89.99131643   1.        
 90.67434138  91.08783244   1.        
