 48.18287017  47.25462523  -1.        
 47.32974947  47.56234867  -1.        
 47.79311549  48.49794404  -1.        
 48.74782046  48.05461009  -1.        
 48.16617775  47.32086731  -1.        
 47.48710131  47.92553113  -1.        
 47.62842438  46.73052651  -1.        
 46.9984597   48.08894051  -1.        
 47.2446314   47.82458805  -1.        
 47.15872976  47.07702533  -1.        
 47.65529552  48.44579417  -1.        
 48.45382864  47.40514354  -1.        
 46.45728457  47.37254867  -1.        
 47.82704534  48.0737167   -1.        
 48.5665836   46.72628113  -1.        
 47.36274173  47.17182795  -1.        
 48.03266704  46.59058687  -1.        
 47.07602476  47.72745379  -1.        
 47.31046433  48.07639466  -1.        
 46.59864768  47.91078966  -1.        
 47.49590937  46.80666841  -1.        
 47.02717629  47.40539587  -1.        
 46.96749794  47.73676075  -1.        
 47.8054717   46.55066502  -1.        
 48.29968037  48.00162388  -1.        
 47.48610714  48.58646601  -1.        
 48.26859355  47.84062635  -1.        
 48.03916439  47.50101444  -1.        
 46.81915241  47.78914101  -1.        
 48.39173238  48.82999874  -1.        
 47.93553909  47.53584215  -1.        
 47.56681876  47.92539649  -1.        
 47.64435567  48.9635117   -1.        
 47.10333213  47.75035222  -1.        
 47.95592094  47.73728228  -1.        
 47.30017425  46.75405685  -1.        
 47.91469319  47.26495479  -1.        
 47.12092893  48.45021796  -1.        
 47.58853041  47.70923726  -1.        
 47.21315384  47.17873533  -1.        
 47.704551    47.90928071  -1.        
 47.42884458  46.71239556  -1.        
 47.52525243  47.09656368  -1.        
 47.69520074  48.15632506  -1.        
 47.52001779  47.98439303  -1.        
 49.58894505  49.40988484  -1.        
 49.77903792  49.35239739  -1.        
 48.86276236  49.12112442  -1.        
 49.65545877  49.873512    -1.        
 50.69209014  49.6283147   -1.        
 49.43124219  49.13464102   1.        
 50.62043423  49.42512734   1.        
 49.73387261  48.66493418   1.        
 49.22680825  50.27564717   1.        
 49.33396507  49.92388015   1.        
 48.87263929  49.09968983   1.        
 49.36950467  49.70205355   1.        
 49.14877503  50.62361112   1.        
 49.62708211  48.77725295   1.        
 48.70506516  48.70951001   1.        
 50.01982298  50.13536065   1.        
 49.55984909  49.87276299   1.        
 49.92437333  48.95105227   1.        
 48.92731956  50.07828041   1.        
 49.77785486  49.3032296    1.        
 49.17248525  50.09835833   1.        
 50.07679457  50.10080139   1.        
 50.32030561  49.3548695    1.        
 48.92275133  48.48150462   1.        
 49.82485394  49.81732273   1.        
 48.94864173  49.07593586   1.        
 49.75407534  50.80652819   1.        
 50.57270701  49.38560982   1.        
 50.36008755  50.37316357   1.        
 49.70707267  49.68756516   1.        
 49.1124867   49.02543628   1.        
 48.85349759  49.36408095   1.        
 49.56153995  49.69538368   1.        
 49.3001303   49.17081469   1.        
 49.8679753   49.15013874   1.        
 48.09768241  49.79204955   1.        
 49.79089461  49.33090857   1.        
 49.61721061  49.28777854   1.        
 49.08760599  49.25484847   1.        
 49.88187569  49.48932954   1.        
 49.93566462  49.09706439   1.        
 49.73270579  48.94756809   1.        
 49.272574    49.54969595   1.        
 49.41611269  49.64451783   1.        
 50.00685577  49.5413211    1.        
 48.27494356  50.45193017   1.        
 49.47940501  50.23461881   1.        
 50.10641101  49.39440624   1.        
 50.96639948  49.610285     1.        
 49.36082174  49.36041911   1.        
 46.80251017  48.23962408   1.        
 46.81617502  47.77385192   1.        
 47.95225208  47.60854961   1.        
 47.66699059  47.60279299   1.        
 47.5582968   46.93013247   1.        
