 142.7544351   142.36243186   -1.        
 142.17175465  141.56924676   -1.        
 142.11911243  142.4330873    -1.        
 141.93048013  142.05549938   -1.        
 142.81326732  141.57325551   -1.        
 141.78728443  143.64489519   -1.        
 142.42354523  140.66245362   -1.        
 141.83002771  141.6353275    -1.        
 141.89773913  141.86947459   -1.        
 142.15831388  142.16118038   -1.        
 142.02564372  141.73341651   -1.        
 142.2236434   141.81609431   -1.        
 142.45266501  141.37270268   -1.        
 143.07180734  141.94740089   -1.        
 141.90958879  142.21842495   -1.        
 141.93401423  141.82475878   -1.        
 142.50728576  141.70199372   -1.        
 142.1321185   141.82830195   -1.        
 141.88423088  141.70128615   -1.        
 142.07795419  141.74654174   -1.        
 142.27856207  142.76553502   -1.        
 141.58327376  141.56426693   -1.        
 143.39187439  141.03992087   -1.        
 141.41141081  142.77468336   -1.        
 141.76095499  141.79470627   -1.        
 141.54765676  141.89545414   -1.        
 142.22266729  141.84274466   -1.        
 141.10635127  142.07826465   -1.        
 141.72612253  141.81616218   -1.        
 141.77837988  141.52015297   -1.        
 142.12741645  142.60207484   -1.        
 141.1644197   143.48949628   -1.        
 142.30462931  141.54601642   -1.        
 141.37844482  141.98971615   -1.        
 141.35527963  142.36916013   -1.        
 142.38827163  141.86239882   -1.        
 141.5833941   142.56236493   -1.        
 141.76293738  141.1793033    -1.        
 142.78230066  142.39547901   -1.        
 141.6010345   142.75801208   -1.        
 141.42744509  142.29719992   -1.        
 142.25562137  141.98048436   -1.        
 141.63068622  141.66297817   -1.        
 142.23862981  141.70476321   -1.        
 142.53698177  142.17395532   -1.        
 144.4466705  144.395131    -1.       
 143.32435602  143.13550746   -1.        
 144.83652695  144.11546839   -1.        
 143.5054617   143.76763175   -1.        
 143.51992773  143.93060125   -1.        
 144.47653625  143.91921756    1.        
 144.97348112  143.55561857    1.        
 143.92042632  144.27846612    1.        
 143.84937742  144.31049494    1.        
 144.69324711  143.92625416    1.        
 144.03861508  143.79202389    1.        
 143.97530576  144.0001124     1.        
 144.69531964  143.20261324    1.        
 143.76012702  143.69083265    1.        
 143.32726464  143.79037587    1.        
 144.76970919  143.83463185    1.        
 143.21148818  144.02879336    1.        
 143.97633736  143.77805149    1.        
 143.98983106  144.35766501    1.        
 143.69454812  143.92507721    1.        
 144.19066431  144.54363176    1.        
 143.32509277  144.26357873    1.        
 144.57594909  144.15377078    1.        
 144.24029478  144.30799286    1.        
 143.91365196  144.60141947    1.        
 143.69903398  142.97192584    1.        
 144.43837969  144.06797092    1.        
 143.92107421  143.53896879    1.        
 143.69858385  143.72694601    1.        
 143.00042525  144.42878245    1.        
 144.2024946   143.73807512    1.        
 142.80606895  143.87089356    1.        
 143.87305029  144.68268644    1.        
 144.39630198  143.63579849    1.        
 143.24495915  144.49790738    1.        
 143.47392977  144.47329116    1.        
 145.0373072   144.01275492    1.        
 143.49722762  144.79992045    1.        
 144.51955235  143.83800905    1.        
 144.56313214  144.31871565    1.        
 144.17473996  144.44231748    1.        
 143.71533125  144.87008242    1.        
 143.30328318  143.82699071    1.        
 143.70115989  143.87828875    1.        
 143.95168702  143.49941291    1.        
 144.63643002  145.25322172    1.        
 144.01875503  143.73241561    1.        
 144.04247085  144.28117764    1.        
 144.66623759  144.89693935    1.        
 143.38075592  144.01917491    1.        
 143.12021101  142.00588219    1.        
 142.11985082  141.98770942    1.        
 141.85526343  141.5306856     1.        
 142.23526558  141.60749295    1.        
 141.58804432  142.94261541    1.        
