 124.34214136  124.03740362   -1.        
 123.57575942  123.87363712   -1.        
 124.30557173  123.86219779   -1.        
 123.7652011  123.8626559   -1.       
 124.34607226  124.6587707    -1.        
 124.78292898  124.10945915   -1.        
 124.65751373  124.01239669   -1.        
 123.72415733  123.91450999   -1.        
 123.85705171  124.74018127   -1.        
 123.26786622  123.70120205   -1.        
 123.85663897  124.386548     -1.        
 124.51412523  123.39444977   -1.        
 123.37136472  124.71926562   -1.        
 124.25803427  124.66093986   -1.        
 123.48347728  123.50140333   -1.        
 123.9357284   123.55090109   -1.        
 124.32547066  123.37828647   -1.        
 124.56442755  124.19447202   -1.        
 122.88265201  123.0623281    -1.        
 125.2745455   124.74594193   -1.        
 124.09815044  124.35851892   -1.        
 123.80113414  122.94927703   -1.        
 125.07721101  123.50608508   -1.        
 124.03667259  124.16894573   -1.        
 123.14511489  123.60645245   -1.        
 125.05920287  124.19209237   -1.        
 124.37011373  124.39846985   -1.        
 124.08318759  123.82441152   -1.        
 124.48034875  124.53540479   -1.        
 124.48703146  123.31180223   -1.        
 123.3597104   123.89352287   -1.        
 123.02815202  124.36758613   -1.        
 123.98615756  124.04080145   -1.        
 124.04118839  124.50473721   -1.        
 124.31359515  124.49241271   -1.        
 124.69478271  124.09509002   -1.        
 123.2750768   124.03312016   -1.        
 124.2736604   123.79243611   -1.        
 124.12171228  125.11369257   -1.        
 124.35973733  123.50681452   -1.        
 123.82943585  124.40493243   -1.        
 124.19748659  124.45126438   -1.        
 123.9712021   123.63187137   -1.        
 123.9996538   124.02293688   -1.        
 124.07411187  123.08125861   -1.        
 127.02579985  125.5909312    -1.        
 126.87959548  126.23723107   -1.        
 126.92878681  125.26272531   -1.        
 125.95825808  126.50073672   -1.        
 126.58908686  125.83421316   -1.        
 126.12282913  126.32169749    1.        
 125.61981391  125.5450517     1.        
 126.06880222  126.31775649    1.        
 126.11589259  125.23328408    1.        
 126.51842014  125.98912441    1.        
 126.13716585  126.23867893    1.        
 125.87226331  125.97898594    1.        
 125.41482823  125.66629082    1.        
 126.72843693  125.93477284    1.        
 125.9184684   125.58578107    1.        
 126.29220481  125.40619838    1.        
 126.8709516   125.76412813    1.        
 125.73548987  126.36602191    1.        
 126.06679355  125.37662033    1.        
 125.63217006  126.63829707    1.        
 125.05605834  126.17766083    1.        
 126.26694111  125.81894217    1.        
 125.35598279  126.82028133    1.        
 125.95602371  126.54142657    1.        
 125.76506183  126.27302934    1.        
 125.48052673  125.80494406    1.        
 125.91278454  126.02296419    1.        
 126.18537854  125.83452034    1.        
 124.99851673  125.28358504    1.        
 124.96784767  126.27205621    1.        
 125.21431477  126.15755174    1.        
 125.92381513  126.7570018     1.        
 125.7404751   126.06354254    1.        
 125.90274454  126.31360973    1.        
 127.27152657  126.40059845    1.        
 126.40510549  125.91371487    1.        
 126.2732141   126.34306855    1.        
 125.84621442  126.25244633    1.        
 125.86025907  125.91956376    1.        
 126.39574898  126.49917242    1.        
 126.12892682  126.17953534    1.        
 125.77177584  125.80716365    1.        
 126.49759637  126.02479528    1.        
 125.4832832   126.18785035    1.        
 126.33763943  126.21541473    1.        
 124.62423757  125.67129588    1.        
 126.50789556  125.79387854    1.        
 125.83842206  126.24628973    1.        
 126.10850897  125.77335762    1.        
 126.30686343  126.14656362    1.        
 123.04326403  124.24909873    1.        
 124.31393054  124.30643561    1.        
 123.74383234  123.93590566    1.        
 123.07492249  123.88670402    1.        
 123.62349966  123.78705473    1.        
