 147.94137981  147.76325507   -1.        
 147.59896805  148.06863559   -1.        
 147.9240803   148.12955316   -1.        
 148.07478127  147.94447191   -1.        
 147.04055702  147.36869891   -1.        
 147.81297796  148.06798663   -1.        
 147.66303888  148.12490523   -1.        
 147.73832205  147.08131503   -1.        
 148.44771103  148.43239769   -1.        
 148.45981459  147.86112004   -1.        
 148.09561264  146.86798192   -1.        
 147.53494577  147.54261446   -1.        
 147.70422     147.96944841   -1.        
 148.38723656  147.44625782   -1.        
 147.92593048  148.76439723   -1.        
 147.92656742  147.92172548   -1.        
 147.97037838  148.15570221   -1.        
 148.83046814  147.36585838   -1.        
 148.34310131  148.45471206   -1.        
 148.24777494  147.36527251   -1.        
 147.71538987  147.72778629   -1.        
 148.53879731  148.73517595   -1.        
 147.40567989  149.27709677   -1.        
 147.20705056  146.83973963   -1.        
 147.32388263  148.33967145   -1.        
 148.69346542  147.7119451    -1.        
 147.97802927  148.22993775   -1.        
 147.71524906  147.67285693   -1.        
 148.26850323  147.8053183    -1.        
 147.78772716  148.50098593   -1.        
 147.4465738   147.39814843   -1.        
 148.32529697  148.5223757    -1.        
 148.29635472  147.64959405   -1.        
 147.53764768  147.96597286   -1.        
 147.53890114  147.57983628   -1.        
 148.78784629  148.05251365   -1.        
 147.28228227  147.83586075   -1.        
 148.73330043  147.90078443   -1.        
 147.12521225  148.22880118   -1.        
 147.9261615   148.06269798   -1.        
 148.85452226  148.52393731   -1.        
 148.13526013  147.6855835    -1.        
 147.39092511  147.49410454   -1.        
 147.97006088  147.41695879   -1.        
 148.49927484  148.09158128   -1.        
 150.18194027  150.31600927   -1.        
 149.8367861   148.99205087   -1.        
 150.05517103  149.68301665   -1.        
 150.51257628  149.97470666   -1.        
 149.94401627  149.59129748   -1.        
 149.49374086  149.50556443    1.        
 149.58635598  150.49564871    1.        
 150.35511703  149.84324724    1.        
 150.17259873  149.92246907    1.        
 149.76061236  150.66667774    1.        
 149.64639598  148.79135083    1.        
 149.98488615  150.12345898    1.        
 150.23824145  149.82740579    1.        
 150.80723242  149.81956885    1.        
 151.08991567  149.35404951    1.        
 151.23401724  149.58991039    1.        
 149.67747108  150.51699813    1.        
 150.55730242  150.20048138    1.        
 149.15124298  148.61754705    1.        
 149.78631804  150.63623139    1.        
 150.11147835  150.50905102    1.        
 149.84896727  150.25354537    1.        
 149.93538487  150.32343019    1.        
 150.07720856  149.70809775    1.        
 149.64282072  150.14229693    1.        
 150.15875075  150.42257425    1.        
 150.11921599  149.50013619    1.        
 149.55073857  149.46961612    1.        
 150.03516485  150.46320579    1.        
 150.21968323  149.08872347    1.        
 150.68404045  149.36649304    1.        
 149.41864254  150.59870892    1.        
 151.32509647  150.15606741    1.        
 150.15633386  149.85537043    1.        
 149.46793784  149.90139181    1.        
 150.44681436  150.82927751    1.        
 149.88241426  150.72964863    1.        
 150.96067492  149.8048502     1.        
 150.98490131  151.10550706    1.        
 150.2229035   149.31808434    1.        
 148.63780217  150.04465804    1.        
 150.32713378  151.077467      1.        
 148.85868144  148.66660895    1.        
 149.61032022  149.30505529    1.        
 151.40548468  149.97580937    1.        
 149.77921578  150.20199903    1.        
 150.10280427  149.94698539    1.        
 149.3725395   149.06464018    1.        
 149.0373371   150.21389165    1.        
 148.94126894  149.91318376    1.        
 148.32724151  147.86187775    1.        
 148.50792041  148.05265735    1.        
 147.86389352  147.44095816    1.        
 147.90774796  148.13348193    1.        
 147.8267393   147.92013297    1.        
