 99.79545919  99.98304834  -1.        
  99.01036094  100.69694536   -1.        
 100.13830097  100.63286057   -1.        
 101.4764553   99.1620873   -1.       
 100.52753842  100.51658429   -1.        
  99.31646099  100.16251904   -1.        
 100.36386071   99.74965435   -1.        
 100.40586749   99.20147882   -1.        
  99.93279747  100.78584756   -1.        
 99.91119223  99.79670467  -1.        
  99.30747374  100.11524685   -1.        
  99.87110527  100.55213095   -1.        
 100.00841973  100.26560208   -1.        
 100.05630377   99.55074005   -1.        
 100.17200039   99.83513467   -1.        
 100.91990428  100.57214461   -1.        
 100.07396809   99.82881721   -1.        
 100.18969455  100.0635668    -1.        
 100.20955184  100.40103184   -1.        
  99.54024605  100.7353887    -1.        
 100.49694087   99.7978074    -1.        
 100.1801162    99.78694017   -1.        
 100.01657929   99.6555061    -1.        
  98.8573455  100.1445564   -1.       
  99.01947527  100.8955311    -1.        
 100.75075027   99.26839414   -1.        
 100.5208232   100.22243184   -1.        
 99.52787928  99.4090507   -1.        
 99.95505091  99.38108187  -1.        
 100.0013719   99.7157843   -1.       
 100.56459586  100.89942703   -1.        
 99.46878145  99.94747332  -1.        
 100.38832187  100.67014443   -1.        
  99.10168371  100.27968354   -1.        
  99.86591854  100.82127422   -1.        
  99.50756279  100.12343192   -1.        
 100.23987965   99.63229408   -1.        
 100.17730451  100.51680584   -1.        
 100.38025384   99.62147574   -1.        
 99.87415148  99.48911064  -1.        
 100.35618465  100.41020659   -1.        
 99.98702379  99.70108907  -1.        
 100.16631293  100.32958503   -1.        
 100.52996734   99.74105858   -1.        
 99.81577113  99.74050478  -1.        
 101.22025654  101.82933047   -1.        
 102.84581811  101.94451883   -1.        
 102.09558164  101.19573813   -1.        
 102.72235213  102.35142416   -1.        
 101.78121206  102.86153219   -1.        
 100.91888807  101.59676395    1.        
 102.16498911  102.28868685    1.        
 102.10130627  101.94153946    1.        
 101.86578297  101.89991374    1.        
 102.44395395  102.51117417    1.        
 101.85201958  102.30512029    1.        
 101.7209643   101.92771946    1.        
 102.37783432  102.31905772    1.        
 102.43182822  102.25197059    1.        
 102.11445677  101.88988641    1.        
 102.81709297  102.50944761    1.        
 100.90399959  102.33264004    1.        
 101.48683725  102.52896161    1.        
 101.5574837   102.42407978    1.        
 101.69330114  102.64344857    1.        
 102.03159742  102.19267504    1.        
 102.74066887  102.83182651    1.        
 102.81289803  101.77343524    1.        
 102.3090214  102.3375822    1.       
 101.68747449  101.97916425    1.        
 102.47848557  101.52908109    1.        
 101.82699996  101.37222766    1.        
 101.58714049  102.1216314     1.        
 102.12386384  102.16539062    1.        
 102.37859237  102.34276063    1.        
 102.61651975  101.8648965     1.        
 103.02665305  101.54663798    1.        
 102.26359777  101.77115919    1.        
 102.18704886  101.61375348    1.        
 101.30337896  101.15772754    1.        
 102.04784583  101.33182675    1.        
 101.67574973  101.54271282    1.        
 101.78261602  101.89051297    1.        
 102.07990884  101.62229921    1.        
 102.07439809  102.75734404    1.        
 102.31157492  101.38594948    1.        
 102.37258927  102.93601135    1.        
 102.0557516   102.98315378    1.        
 101.32044825  101.51436969    1.        
 101.73149644  102.27224196    1.        
 101.6782489   101.48594088    1.        
 101.15564515  102.07464419    1.        
 102.82828149  101.70779799    1.        
 102.4417133  102.2780419    1.       
 101.79727333  102.04989481    1.        
 100.55157347  100.08863665    1.        
 100.31482645   99.47982595    1.        
 99.9144792   99.78487801   1.        
  99.96449214  100.38716338    1.        
  99.68077512  100.26042078    1.        
