 111.43362588  112.00149096   -1.        
 111.31748877  111.2561061    -1.        
 111.73599819  111.62511799   -1.        
 112.21641653  111.3632443    -1.        
 112.97178846  111.80751508   -1.        
 111.32775931  112.04402205   -1.        
 112.30433102  111.41356996   -1.        
 112.04825356  111.63902253   -1.        
 111.79261422  112.63026371   -1.        
 111.36341669  112.53443319   -1.        
 112.0477158   112.46567807   -1.        
 111.24056309  111.49417741   -1.        
 111.99738448  112.13416262   -1.        
 111.74043079  112.28860281   -1.        
 112.13360607  112.16940302   -1.        
 112.0347732   112.07190793   -1.        
 112.33347301  112.3814709    -1.        
 111.17230054  111.58102232   -1.        
 111.88249281  111.71250811   -1.        
 111.79265473  112.71253305   -1.        
 111.5817381   112.01508641   -1.        
 111.71295023  111.92595108   -1.        
 112.19953878  112.95392671   -1.        
 112.19721431  112.58019068   -1.        
 111.79208199  112.36898018   -1.        
 111.63100088  111.13248888   -1.        
 111.69576326  111.49161991   -1.        
 112.1594897   111.92891298   -1.        
 111.52041524  110.86834329   -1.        
 112.19776364  112.66696734   -1.        
 111.70907889  112.6988056    -1.        
 111.84726437  111.56141115   -1.        
 112.13629668  111.03161714   -1.        
 112.15706011  111.68115152   -1.        
 112.45770319  111.48875123   -1.        
 111.43859303  111.50132288   -1.        
 112.73275049  110.86710265   -1.        
 112.76665714  111.15479656   -1.        
 112.01153549  111.61456335   -1.        
 112.46658075  111.5529748    -1.        
 112.02125711  112.46143124   -1.        
 111.94242005  112.51980473   -1.        
 111.84061032  112.03194296   -1.        
 112.32819065  112.48284447   -1.        
 112.0077432   112.47444424   -1.        
 113.56977229  114.75364779   -1.        
 114.04087367  114.66866574   -1.        
 114.10393507  114.32534819   -1.        
 113.78063043  114.40611886   -1.        
 114.09162297  115.16333012   -1.        
 113.72898527  113.70001086    1.        
 114.29919047  113.95462061    1.        
 114.30130385  114.33879904    1.        
 113.48311061  113.34285581    1.        
 113.36378466  113.95465068    1.        
 115.05544296  114.61764501    1.        
 114.27490913  115.4159354     1.        
 114.3563233   113.88470205    1.        
 113.62720149  114.46708934    1.        
 114.40277435  114.54503267    1.        
 113.64231723  113.37946789    1.        
 115.14782179  114.01288422    1.        
 114.57731138  114.20207741    1.        
 113.98654433  114.2131196     1.        
 113.87615058  114.53154845    1.        
 114.17169574  114.30712294    1.        
 113.67027001  114.30245648    1.        
 113.24636286  113.45723644    1.        
 114.01846578  114.3377658     1.        
 114.62084008  114.57165212    1.        
 114.09965567  114.19981857    1.        
 112.76984182  113.33634765    1.        
 114.19924557  113.79645508    1.        
 113.94047129  114.42009746    1.        
 112.98653098  113.16153183    1.        
 114.49842564  113.887664      1.        
 115.05847898  113.21448921    1.        
 114.16280005  113.72064966    1.        
 114.9630239   114.33809355    1.        
 113.80971207  113.59127847    1.        
 113.95087019  114.47485524    1.        
 114.21532591  114.60546235    1.        
 113.80498164  114.16987113    1.        
 114.60160881  113.96966263    1.        
 114.70978103  114.40858473    1.        
 113.77204473  114.80342726    1.        
 114.0499325   114.13502007    1.        
 114.07784349  114.67845596    1.        
 114.06532462  113.46970623    1.        
 114.25372878  114.48930138    1.        
 113.78346324  114.72441378    1.        
 114.00776361  114.16403905    1.        
 114.85560323  113.74034025    1.        
 113.70909025  114.37334704    1.        
 114.00314161  114.08776147    1.        
 112.0283518   111.76635879    1.        
 111.77819097  111.94407602    1.        
 111.86412017  111.47599841    1.        
 112.07364872  112.26775922    1.        
 111.41562579  112.39427868    1.        
