 27.17402815  26.73982172  -1.        
 26.04294231  27.09543321  -1.        
 26.71310304  25.90556537  -1.        
 25.94008077  27.6142833   -1.        
 26.66097069  26.80105147  -1.        
 25.58380997  26.58659096  -1.        
 27.16992174  25.65332161  -1.        
 27.02889248  27.02595395  -1.        
 26.40034124  26.06959944  -1.        
 26.03269496  26.36433798  -1.        
 27.41589886  26.37638972  -1.        
 27.11398382  26.38560601  -1.        
 26.33675858  26.29736127  -1.        
 26.29768647  25.97619596  -1.        
 27.28660417  26.06579566  -1.        
 26.62432365  25.92451427  -1.        
 26.80812699  27.0989758   -1.        
 25.92393935  26.34832572  -1.        
 26.61365032  26.96902796  -1.        
 25.80269079  26.78110989  -1.        
 26.5985419  27.0015746  -1.       
 26.65737088  26.40864805  -1.        
 26.71048957  26.4930358   -1.        
 26.48077157  25.44975568  -1.        
 27.03951609  25.95721531  -1.        
 26.65803831  27.45582074  -1.        
 26.51551155  26.52824536  -1.        
 26.14926924  26.63638885  -1.        
 26.4280492   26.38141353  -1.        
 26.98051675  26.67917365  -1.        
 26.22186453  27.09742856  -1.        
 27.13323257  25.49024394  -1.        
 26.54192649  27.37688195  -1.        
 26.67346823  25.76617238  -1.        
 26.53022794  26.32256838  -1.        
 26.23185308  26.88370789  -1.        
 26.81368114  25.69453641  -1.        
 27.55984095  25.88370901  -1.        
 25.56250285  26.39978936  -1.        
 26.74742729  26.61254669  -1.        
 27.20354539  25.98587758  -1.        
 26.15539875  27.02459677  -1.        
 26.14372976  26.49143863  -1.        
 28.18129022  26.57251999  -1.        
 26.12066935  27.92062071  -1.        
 29.54904649  28.04281069  -1.        
 28.77728374  28.31822743  -1.        
 28.60693697  28.99757582  -1.        
 28.67805406  28.98440622  -1.        
 28.02461608  28.42590274  -1.        
 27.92519913  28.25731106   1.        
 27.92003298  28.69034116   1.        
 29.11162408  28.70992983   1.        
 29.11972846  28.6428461    1.        
 27.93321131  27.84522316   1.        
 28.28455879  28.36806318   1.        
 29.00487386  28.81740488   1.        
 29.76067954  28.3854795    1.        
 27.42609279  28.44089611   1.        
 28.61998888  28.792246     1.        
 29.48831848  28.00903235   1.        
 28.34812721  28.7253711    1.        
 28.1340719   28.88247079   1.        
 28.1967783   28.87008018   1.        
 27.79181594  28.75977877   1.        
 28.02673638  29.10404137   1.        
 28.72303693  29.01377123   1.        
 28.79047428  28.54508493   1.        
 28.29920857  28.64972531   1.        
 28.23251192  28.63993035   1.        
 28.13536373  28.1123126    1.        
 27.95373478  29.15707131   1.        
 27.85185307  29.76552067   1.        
 28.9182628   28.69750227   1.        
 28.60539255  28.35120887   1.        
 28.51071889  27.64262258   1.        
 29.20060618  29.12585179   1.        
 28.79788543  28.88463984   1.        
 28.8815825  29.1463897   1.       
 28.54458475  28.42848239   1.        
 28.21134114  28.38158243   1.        
 28.71795536  29.36485761   1.        
 28.38534574  28.49019898   1.        
 27.74325918  28.18547425   1.        
 28.67495858  28.53752324   1.        
 27.69212491  29.02155619   1.        
 28.36829304  29.32162016   1.        
 27.72460252  28.66861589   1.        
 28.18940186  28.89593891   1.        
 29.51603084  28.74559149   1.        
 29.58608911  29.30925719   1.        
 29.21044838  29.6274704    1.        
 27.9106636   28.05669514   1.        
 28.8328966   29.87597732   1.        
 27.7621624  28.508725    1.       
 26.84076219  26.51618138   1.        
 26.41043192  26.37818486   1.        
 25.93084667  26.87534975   1.        
 26.09619608  26.89290995   1.        
 25.58608562  26.12420683   1.        
