 81.44593453  82.13436248  -1.        
 81.5654349  82.0373332  -1.       
 82.41860818  82.4307407   -1.        
 81.51204995  82.94354096  -1.        
 82.48921504  82.24977695  -1.        
 82.08796377  82.28910276  -1.        
 82.2137228   82.00319927  -1.        
 81.84908825  81.20472994  -1.        
 81.03548515  83.74561668  -1.        
 82.14144193  81.76198738  -1.        
 82.15749404  81.58373613  -1.        
 83.16015682  82.37929929  -1.        
 81.24569483  82.70502798  -1.        
 82.10738346  82.16273977  -1.        
 81.78689867  81.7387159   -1.        
 81.98482615  81.74336703  -1.        
 82.33813126  82.11936639  -1.        
 82.8418096   82.03207636  -1.        
 81.58231075  81.84653639  -1.        
 81.41597303  81.55213616  -1.        
 81.92673114  82.00519406  -1.        
 82.10056013  81.76197913  -1.        
 82.00483168  82.13014374  -1.        
 81.5813381   81.85503544  -1.        
 81.85625512  81.17522505  -1.        
 81.88622562  82.54057569  -1.        
 81.63791109  81.93848156  -1.        
 81.2994383  81.9782829  -1.       
 81.65643041  81.61042645  -1.        
 81.96408215  81.71902987  -1.        
 82.60481017  81.19628973  -1.        
 82.10812543  81.4152924   -1.        
 81.5274784   81.58948376  -1.        
 82.48954232  81.39211473  -1.        
 82.06336757  81.32855133  -1.        
 81.4495652   81.68723163  -1.        
 81.52563832  81.80483906  -1.        
 82.23480966  81.88448188  -1.        
 81.82574114  81.56321894  -1.        
 81.74947089  81.4402713   -1.        
 82.6800513   81.14852905  -1.        
 82.74738626  81.63410558  -1.        
 82.11965601  82.10845326  -1.        
 82.10034626  81.99412094  -1.        
 81.52559406  82.29615583  -1.        
 84.46319724  84.55850848  -1.        
 84.5942461   84.40187217  -1.        
 84.45441655  84.24795212  -1.        
 83.65813392  81.91124481  -1.        
 84.237246    83.65942488  -1.        
 83.84865098  83.76647594   1.        
 84.23517572  84.15941616   1.        
 83.90528422  83.11255717   1.        
 83.61630655  84.49210799   1.        
 83.84461304  83.16509047   1.        
 84.07331303  83.67428075   1.        
 83.91162461  83.50617618   1.        
 84.54603774  83.90407614   1.        
 83.89608529  83.18538929   1.        
 83.70518767  84.82023974   1.        
 83.72103223  84.31187379   1.        
 83.99965433  83.38142007   1.        
 84.14567386  83.56817889   1.        
 83.57715505  84.30873249   1.        
 84.27090258  84.55480235   1.        
 84.079558    83.50426407   1.        
 84.4535233   84.75779087   1.        
 83.50801705  83.3892665    1.        
 84.47887681  83.3672651    1.        
 83.25964155  84.38099514   1.        
 84.30934836  84.25440614   1.        
 84.01286161  84.43209461   1.        
 83.26637505  83.77980248   1.        
 83.86739775  83.85009496   1.        
 83.55808988  83.56968957   1.        
 83.5392795   83.99259564   1.        
 83.81305231  83.73841433   1.        
 84.05099182  83.71581526   1.        
 84.36275677  83.47098445   1.        
 84.89129924  83.96241998   1.        
 83.56106132  84.47438365   1.        
 83.53406192  83.54913917   1.        
 82.73630408  84.44719059   1.        
 85.32475031  83.89148227   1.        
 84.85501312  84.23455343   1.        
 84.401888   85.0037095   1.       
 84.41276836  85.15381792   1.        
 83.86021907  83.35908267   1.        
 84.2340274   84.54047371   1.        
 84.46447594  83.53607232   1.        
 84.43723695  84.24878845   1.        
 84.17129976  84.09777665   1.        
 83.86831911  84.2522068    1.        
 83.58693699  83.45630689   1.        
 84.26989474  83.78134348   1.        
 82.58848536  81.3593257    1.        
 82.6362601   82.42442891   1.        
 82.93986022  82.65887706   1.        
 82.26018599  81.22848113   1.        
 81.48072278  82.79087739   1.        
