 68.63201301  68.37355507  -1.        
 68.50295915  68.58167392  -1.        
 68.90123682  68.66376186  -1.        
 68.60239007  68.27839837  -1.        
 68.70620874  68.27615239  -1.        
 68.71830588  69.091495    -1.        
 68.52623068  68.94521125  -1.        
 68.71557785  68.33886168  -1.        
 67.41803011  68.85811811  -1.        
 69.04420686  68.52979454  -1.        
 68.42351551  69.07752445  -1.        
 68.24085751  68.27827944  -1.        
 68.20866272  68.47864126  -1.        
 68.6832719   68.95754018  -1.        
 68.35185802  68.78324071  -1.        
 68.26926003  69.06681824  -1.        
 68.95659187  68.60130389  -1.        
 67.21905788  68.42829145  -1.        
 68.39079619  68.82022899  -1.        
 68.8455166   68.68982375  -1.        
 68.02035625  68.89005743  -1.        
 68.84748852  68.77074042  -1.        
 68.93812123  69.2474892   -1.        
 68.30838159  68.99635437  -1.        
 69.47709712  68.18362321  -1.        
 67.73005082  68.72626809  -1.        
 68.26663286  68.42605095  -1.        
 68.52653794  68.13616912  -1.        
 68.47255086  68.81872224  -1.        
 69.28848398  68.08481002  -1.        
 68.9252549   68.29225536  -1.        
 67.8731646   67.93377069  -1.        
 68.9350019   67.28359112  -1.        
 66.90898886  68.81756041  -1.        
 68.69213202  68.5706661   -1.        
 68.50150453  68.68345261  -1.        
 69.10929593  68.62820735  -1.        
 68.02422656  68.75502953  -1.        
 68.67533734  68.2065826   -1.        
 68.73689634  68.27336796  -1.        
 68.73485495  68.60865697  -1.        
 68.24540304  70.04458739  -1.        
 68.55542597  68.18655776  -1.        
 68.23009858  67.40151755  -1.        
 68.35779797  69.1039831   -1.        
 70.10053392  70.43441039  -1.        
 70.55891008  70.8924478   -1.        
 70.23188203  70.32636755  -1.        
 70.3434007   70.69880495  -1.        
 70.48489214  71.12329201  -1.        
 70.33396015  70.85383528   1.        
 70.8791035   70.63647396   1.        
 70.65943657  70.85827632   1.        
 69.24764469  70.95832832   1.        
 70.02005759  70.84934451   1.        
 70.18275218  70.77406693   1.        
 70.07543945  70.95907381   1.        
 70.52235184  70.50884069   1.        
 69.81717534  70.5642803    1.        
 70.01279481  70.26120841   1.        
 69.79796203  70.54402346   1.        
 71.43970863  70.89168425   1.        
 70.5207181   70.72904992   1.        
 70.97347656  69.84035866   1.        
 69.97255656  70.04018625   1.        
 70.58805955  69.83059871   1.        
 70.09813502  71.09294143   1.        
 70.24618824  71.34703349   1.        
 70.14633119  70.43415996   1.        
 69.99591804  70.88416243   1.        
 70.67997182  70.87414972   1.        
 69.8475448   69.61346383   1.        
 69.992689   71.2086641   1.       
 70.38184748  70.72668444   1.        
 70.40519833  70.64385202   1.        
 70.78454625  70.59215862   1.        
 70.99229082  70.74882187   1.        
 70.14888242  69.65113603   1.        
 70.11639727  70.53419056   1.        
 70.83196616  70.88661919   1.        
 70.4268063   70.42973638   1.        
 71.15726343  70.39918363   1.        
 69.94404965  71.14698388   1.        
 70.81275747  70.37710165   1.        
 69.58207803  69.1458642    1.        
 70.44311073  70.18059955   1.        
 70.11692075  69.91378035   1.        
 71.36940215  70.51896156   1.        
 70.1865078   70.51413217   1.        
 69.92728607  70.62954039   1.        
 70.76499747  70.92809782   1.        
 70.90019061  71.88796585   1.        
 69.92332288  70.90860932   1.        
 70.62357687  69.90927035   1.        
 70.00197528  70.37719434   1.        
 67.86625233  69.10289471   1.        
 69.12780804  67.50313266   1.        
 69.35898029  68.49577137   1.        
 68.18712007  68.99349808   1.        
 69.00675052  68.15016435   1.        
