 0.5         0.5         0.5         0.5         0.5         0.5         0.5         0.5         0.5         0.5         0.5         0.5         0.5         0.4999992   0.49999866  0.49996203  0.49884286  0.47570212  0.23477926  0.09446531
 0.5         0.5         0.5         0.5         0.5         0.5         0.5         0.5         0.5         0.5         0.5         0.5         0.49999996  0.49999996  0.49999897  0.49995958  0.49899195  0.47283442  0.30065131  0.10597582
 0.5         0.5         0.5         0.5         0.5         0.5         0.5         0.5         0.5         0.5         0.5         0.5         0.5         0.49999994  0.4999976   0.49993843  0.49748233  0.47591591  0.27621109  0.09142238
 0.5         0.5         0.5         0.5         0.5         0.5         0.5         0.5         0.5         0.5         0.5         0.5         0.5         0.49999991  0.49999766  0.49987616  0.49896336  0.48400099  0.32175174  0.0962105 
 0.5         0.5         0.5         0.5         0.5         0.5         0.5         0.5         0.5         0.5         0.5         0.5         0.5         0.49999989  0.49999309  0.49994488  0.49917965  0.48578327  0.29167892  0.10662678
 0.5         0.5         0.5         0.5         0.5         0.5         0.5         0.5         0.5         0.5         0.5         0.5         0.49999999  0.49999947  0.49999725  0.49996243  0.49926281  0.48315032  0.28922223  0.10518879
 0.5         0.5         0.5         0.5         0.5         0.5         0.5         0.5         0.5         0.5         0.5         0.5         0.49999997  0.49999983  0.49999785  0.49996168  0.49909838  0.47610454  0.29474629  0.09058555
 0.5         0.5         0.5         0.5         0.5         0.5         0.5         0.5         0.5         0.5         0.5         0.5         0.49999999  0.49999993  0.49999871  0.49997312  0.49895344  0.48298895  0.31831201  0.10459908
 0.5         0.5         0.5         0.5         0.5         0.5         0.5         0.5         0.5         0.5         0.5         0.5         0.5         0.49999993  0.49999858  0.49992873  0.49885187  0.48683923  0.25936865  0.08960893
 0.5         0.5         0.5         0.5         0.5         0.5         0.5         0.5         0.5         0.5         0.5         0.5         0.5         0.49999994  0.49999589  0.49993642  0.49949919  0.47587     0.30314844  0.09325466
 0.5         0.5         0.5         0.5         0.5         0.5         0.5         0.5         0.5         0.5         0.5         0.5         0.5         0.49999978  0.49999674  0.49998323  0.49887078  0.48481317  0.30649519  0.09560997
 0.5         0.5         0.5         0.5         0.5         0.5         0.5         0.5         0.5         0.5         0.5         0.5         0.49999999  0.49999985  0.4999995   0.49994801  0.49933823  0.48676521  0.30417221  0.08184459
 0.5         0.5         0.5         0.5         0.5         0.5         0.5         0.5         0.5         0.5         0.5         0.5         0.49999999  0.49999998  0.49999639  0.49995977  0.4993247   0.48331575  0.29648649  0.09792207
 0.5         0.5         0.5         0.5         0.5         0.5         0.5         0.5         0.5         0.5         0.5         0.5         0.5         0.49999986  0.4999986   0.49997888  0.49944441  0.48811055  0.31278027  0.1080267 
 0.5         0.5         0.5         0.5         0.5         0.5         0.5         0.5         0.5         0.5         0.5         0.5         0.49999999  0.49999991  0.49999876  0.49996699  0.49941789  0.47744504  0.26470596  0.09914698
 0.5         0.5         0.5         0.5         0.5         0.5         0.5         0.5         0.5         0.5         0.5         0.5         0.5         0.49999994  0.4999984   0.49997547  0.49860986  0.46908035  0.27596811  0.0954191 
 0.5         0.5         0.5         0.5         0.5         0.5         0.5         0.5         0.5         0.5         0.5         0.5         0.5         0.49999996  0.49999951  0.49995514  0.49875511  0.48330557  0.31445485  0.10357218
 0.5         0.5         0.5         0.5         0.5         0.5         0.5         0.5         0.5         0.5         0.5         0.5         0.5         0.49999998  0.49999776  0.49992341  0.49911239  0.48187168  0.27708484  0.09211757
 0.5         0.5         0.5         0.5         0.5         0.5         0.5         0.5         0.5         0.5         0.5         0.5         0.5         0.49999988  0.49999549  0.49995306  0.49896003  0.47873547  0.30959155  0.09990773
 0.5         0.5         0.5         0.5         0.5         0.5         0.5         0.5         0.5         0.5         0.5         0.5         0.49999999  0.49999977  0.49999779  0.499949    0.49893431  0.48804167  0.30136416  0.09896203
 0.5         0.5         0.5         0.5         0.5         0.5         0.5         0.5         0.5         0.5         0.5         0.5         0.49999999  0.4999999   0.49999748  0.49994862  0.4995754   0.48194901  0.2906004   0.09288318
 0.5         0.5         0.5         0.5         0.5         0.5         0.5         0.5         0.5         0.5         0.5         0.5         0.49999999  0.49999984  0.49999671  0.49997895  0.49875577  0.47463275  0.2962193   0.09990837
 0.5         0.5         0.5         0.5         0.5         0.5         0.5         0.5         0.5         0.5         0.5         0.5         0.49999999  0.49999986  0.4999994   0.49994559  0.4988022   0.48523157  0.26487735  0.09182678
 0.5         0.5         0.5         0.5         0.5         0.5         0.5         0.5         0.5         0.5         0.5         0.5         0.49999999  0.49999998  0.49999732  0.49993975  0.4995023   0.47863673  0.31382072  0.10489494
 0.5         0.5         0.5         0.5         0.5         0.5         0.5         0.5         0.5         0.5         0.5         0.5         0.5         0.49999988  0.49999745  0.49998341  0.49898632  0.48752433  0.28695627  0.10636162
 0.5         0.5         0.5         0.5         0.5         0.5         0.5         0.5         0.5         0.5         0.5         0.5         0.49999999  0.49999983  0.49999931  0.49993844  0.49936457  0.47310289  0.2740261   0.09456892
 0.5         0.5         0.5         0.5         0.5         0.5         0.5         0.5         0.5         0.5         0.5         0.5         0.49999999  0.49999998  0.49999753  0.49998049  0.4985985   0.47863359  0.28691992  0.08581022
 0.5         0.5         0.5         0.5         0.5         0.5         0.5         0.5         0.5         0.5         0.5         0.5         0.5         0.4999999   0.49999937  0.49993379  0.49887009  0.48573924  0.29319872  0.09790939
 0.5         0.5         0.5         0.5         0.5         0.5         0.5         0.5         0.5         0.5         0.5         0.5         0.5         0.49999998  0.49999658  0.49994545  0.49944168  0.48523637  0.32277444  0.10530017
 0.5         0.5         0.5         0.5         0.5         0.5         0.5         0.5         0.5         0.5         0.5         0.5         0.5         0.49999979  0.49999684  0.49997322  0.49933103  0.48523136  0.29626749  0.09964841
 0.5         0.5         0.5         0.5         0.5         0.5         0.5         0.5         0.5         0.5         0.5         0.5         0.49999999  0.49999983  0.49999889  0.49997315  0.49936621  0.48018926  0.28560746  0.10299472
 0.5         0.5         0.5         0.5         0.5         0.5         0.5         0.5         0.5         0.5         0.5         0.5         0.49999999  0.49999996  0.49999907  0.49997758  0.49898981  0.47948308  0.30772544  0.10501395
 0.5         0.5         0.5         0.5         0.5         0.5         0.5         0.5         0.5         0.5         0.5         0.5         0.5         0.49999995  0.49999868  0.49992504  0.49830846  0.4727747   0.24268178  0.09555122
 0.5         0.5         0.5         0.5         0.5         0.5         0.5         0.5         0.5         0.5         0.5         0.5         0.5         0.49999996  0.49999724  0.49992657  0.49886469  0.47524284  0.31254059  0.11064821
 0.5         0.5         0.5         0.5         0.5         0.5         0.5         0.5         0.5         0.5         0.5         0.5         0.5         0.49999985  0.49999615  0.49993411  0.49820545  0.48047101  0.28599196  0.09337947
 0.5         0.5         0.5         0.5         0.5         0.5         0.5         0.5         0.5         0.5         0.5         0.5         0.49999999  0.49999976  0.49999624  0.49989203  0.49891906  0.47135185  0.2866315   0.09166333
 0.5         0.5         0.5         0.5         0.5         0.5         0.5         0.5         0.5         0.5         0.5         0.5         0.49999999  0.49999979  0.49999325  0.49994287  0.49790355  0.48102063  0.26739186  0.08675823
 0.5         0.5         0.5         0.5         0.5         0.5         0.5         0.5         0.5         0.5         0.5         0.5         0.49999999  0.49999971  0.49999791  0.49988456  0.49946883  0.48525604  0.33176919  0.10384178
 0.5         0.5         0.5         0.5         0.5         0.5         0.5         0.5         0.5         0.5         0.5         0.5         0.49999998  0.49999988  0.49999189  0.49997423  0.49929122  0.4864591   0.29248026  0.10047095
 0.5         0.5         0.5         0.5         0.5         0.5         0.5         0.5         0.5         0.5         0.5         0.5         0.49999999  0.49999932  0.49999867  0.49996023  0.49920829  0.47673229  0.26821069  0.08500087
 0.5         0.5         0.5         0.5         0.5         0.5         0.5         0.5         0.5         0.5         0.5         0.5         0.49999996  0.49999995  0.49999847  0.49996924  0.49897057  0.4825605   0.30730475  0.10187587
 0.5         0.5         0.5         0.5         0.5         0.5         0.5         0.5         0.5         0.5         0.5         0.5         0.5         0.49999994  0.49999887  0.49995821  0.49932524  0.48614721  0.29505305  0.09973551
 0.5         0.5         0.5         0.5         0.5         0.5         0.5         0.5         0.5         0.5         0.5         0.5         0.5         0.49999994  0.49999773  0.49996605  0.49928105  0.4793055   0.29510229  0.1045198 
 0.5         0.5         0.5         0.5         0.5         0.5         0.5         0.5         0.5         0.5         0.5         0.5         0.5         0.49999989  0.49999844  0.49996737  0.49892146  0.48095647  0.2687379   0.09467071
 0.5         0.5         0.5         0.5         0.5         0.5         0.5         0.5         0.5         0.5         0.5         0.5         0.49999999  0.49999992  0.4999984   0.49994069  0.49896294  0.46758705  0.28291966  0.09319756
 0.5         0.5         0.5         0.5         0.5         0.5         0.5         0.5         0.5         0.5         0.5         0.5         0.5         0.49999993  0.49999701  0.4999506   0.49748987  0.47762805  0.27365406  0.09113347
 0.5         0.5         0.5         0.5         0.5         0.5         0.5         0.5         0.5         0.5         0.5         0.5         0.5         0.49999989  0.4999982   0.49986669  0.49902251  0.48357196  0.31185644  0.10320722
 0.5         0.5         0.5         0.5         0.5         0.5         0.5         0.5         0.5         0.5         0.5         0.5         0.49999999  0.49999992  0.49999168  0.49995345  0.49926271  0.48788589  0.30636399  0.09753015
 0.5         0.5         0.5         0.5         0.5         0.5         0.5         0.5         0.5         0.5         0.5         0.5         0.5         0.49999944  0.49999776  0.49996703  0.49957105  0.47836785  0.30125696  0.09888492
 0.5         0.5         0.5         0.5         0.5         0.5         0.5         0.5         0.5         0.5         0.5         0.5         0.49999996  0.49999986  0.49999854  0.49997719  0.49855514  0.48332081  0.27426704  0.09163565
 0.5         0.5         0.5         0.5         0.5         0.5         0.5         0.5         0.5         0.5         0.5         0.5         0.49999999  0.49999992  0.49999908  0.49989789  0.49922408  0.47547878  0.27576509  0.0987845 
 0.5         0.5         0.5         0.5         0.5         0.5         0.5         0.5         0.5         0.5         0.5         0.5         0.5         0.49999997  0.49999516  0.49997727  0.49898039  0.48314945  0.31438986  0.09907208
 0.5         0.5         0.5         0.5         0.5         0.5         0.5         0.5         0.5         0.5         0.5         0.5         0.5         0.49999967  0.49999901  0.49994347  0.49910728  0.48379783  0.28839469  0.11249983
 0.5         0.5         0.5         0.5         0.5         0.5         0.5         0.5         0.5         0.5         0.5         0.5         0.49999998  0.49999996  0.49999709  0.49995844  0.49918632  0.47950265  0.28652027  0.09059789
 0.5         0.5         0.5         0.5         0.5         0.5         0.5         0.5         0.5         0.5         0.5         0.5         0.5         0.49999986  0.49999812  0.49996283  0.4989964   0.47398085  0.28552442  0.09803898
 0.5         0.5         0.5         0.5         0.5         0.5         0.5         0.5         0.5         0.5         0.5         0.5         0.49999999  0.49999991  0.49999818  0.49994435  0.49817595  0.48062931  0.31388845  0.0929055 
 0.5         0.5         0.5         0.5         0.5         0.5         0.5         0.5         0.5         0.5         0.5         0.5         0.5         0.4999999   0.49999687  0.49986232  0.49895433  0.4824684   0.2766936   0.10296778
 0.5         0.5         0.5         0.5         0.5         0.5         0.5         0.5         0.5         0.5         0.5         0.5         0.5         0.49999987  0.499992    0.49995997  0.49927804  0.4829881   0.29488734  0.10461209
 0.5         0.5         0.5         0.5         0.5         0.5         0.5         0.5         0.5         0.5         0.5         0.5         0.49999999  0.4999995   0.49999836  0.49997105  0.4992654   0.47383386  0.28980999  0.09844815
 0.5         0.5         0.5         0.5         0.5         0.5         0.5         0.5         0.5         0.5         0.5         0.5         0.49999996  0.49999992  0.49999863  0.49996433  0.49797672  0.47162463  0.28577358  0.0938207 
 0.5         0.5         0.5         0.5         0.5         0.5         0.5         0.5         0.5         0.5         0.5         0.5         0.5         0.49999992  0.49999811  0.49983722  0.49790078  0.47804868  0.29282614  0.0959917 
 0.5         0.5         0.5         0.5         0.5         0.5         0.5         0.5         0.5         0.5         0.5         0.5         0.5         0.49999993  0.49999074  0.49988281  0.49904644  0.48318786  0.28415719  0.09223124
 0.5         0.5         0.5         0.5         0.5         0.5         0.5         0.5         0.5         0.5         0.5         0.5         0.5         0.49999951  0.49999368  0.49996265  0.49934112  0.48231492  0.32221555  0.08999258
 0.5         0.5         0.5         0.5         0.5         0.5         0.5         0.5         0.5         0.5         0.5         0.5         0.49999996  0.49999953  0.49999779  0.49996298  0.49880862  0.486605    0.2826211   0.09798755
 0.5         0.5         0.5         0.5         0.5         0.5         0.5         0.5         0.5         0.5         0.5         0.5         0.49999997  0.49999989  0.49999826  0.49993785  0.49949066  0.4832589   0.29999661  0.10088544
 0.5         0.5         0.5         0.5         0.5         0.5         0.5         0.5         0.5         0.5         0.5         0.5         0.49999999  0.49999991  0.49999627  0.49997905  0.49920375  0.47630974  0.26036953  0.09414741
 0.5         0.5         0.5         0.5         0.5         0.5         0.5         0.5         0.5         0.5         0.5         0.5         0.5         0.49999985  0.49999945  0.49997698  0.49903792  0.47043569  0.3134707   0.09542651
 0.5         0.5         0.5         0.5         0.5         0.5         0.5         0.5         0.5         0.5         0.5         0.5         0.49999999  0.49999998  0.49999894  0.49994287  0.49779749  0.48180176  0.27377649  0.08162624
 0.5         0.5         0.5         0.5         0.5         0.5         0.5         0.5         0.5         0.5         0.5         0.5         0.5         0.49999997  0.49999756  0.4998942   0.49925511  0.47708318  0.31646053  0.09994207
 0.5         0.5         0.5         0.5         0.5         0.5         0.5         0.5         0.5         0.5         0.5         0.5         0.5         0.49999981  0.49999242  0.49994738  0.49832467  0.4829175   0.25301497  0.07902963
 0.5         0.5         0.5         0.5         0.5         0.5         0.5         0.5         0.5         0.5         0.5         0.5         0.49999999  0.49999958  0.49999793  0.49992428  0.499525    0.4738886   0.28325809  0.08453133
 0.5         0.5         0.5         0.5         0.5         0.5         0.5         0.5         0.5         0.5         0.5         0.5         0.49999998  0.49999991  0.49999682  0.49998674  0.49855529  0.48618781  0.31493763  0.09831375
 0.5         0.5         0.5         0.5         0.5         0.5         0.5         0.5         0.5         0.5         0.5         0.5         0.5         0.49999986  0.49999956  0.49992077  0.49956706  0.49057203  0.29390439  0.10488451
 0.5         0.5         0.5         0.5         0.5         0.5         0.5         0.5         0.5         0.5         0.5         0.5         0.49999999  0.49999999  0.49999537  0.4999837   0.49971348  0.48117164  0.29704528  0.09185512
 0.5         0.5         0.5         0.5         0.5         0.5         0.5         0.5         0.5         0.5         0.5         0.5         0.5         0.49999978  0.49999957  0.49999297  0.49918216  0.48138913  0.30672268  0.09040459
 0.5         0.5         0.5         0.5         0.5         0.5         0.5         0.5         0.5         0.5         0.5         0.5         0.49999998  0.49999998  0.49999973  0.49994791  0.49857832  0.47706756  0.30176019  0.09550419
 0.5         0.5         0.5         0.5         0.5         0.5         0.5         0.5         0.5         0.5         0.5         0.5         0.5         0.49999999  0.49999757  0.49992122  0.49888593  0.48712596  0.29344696  0.08999261
 0.5         0.5         0.5         0.5         0.5         0.5         0.5         0.5         0.5         0.5         0.5         0.5         0.5         0.49999986  0.49999492  0.49994338  0.49948286  0.48205428  0.29022229  0.0924837 
 0.5         0.5         0.5         0.5         0.5         0.5         0.5         0.5         0.5         0.5         0.5         0.5         0.49999999  0.49999964  0.49999742  0.49997707  0.4990925   0.48113457  0.30234936  0.10697551
 0.5         0.5         0.5         0.5         0.5         0.5         0.5         0.5         0.5         0.5         0.5         0.5         0.49999998  0.49999986  0.49999941  0.49996068  0.49927111  0.48456573  0.29197124  0.09643601
