  0.00000000e+00   0.00000000e+00   0.00000000e+00   0.00000000e+00   0.00000000e+00   0.00000000e+00   0.00000000e+00   2.99760217e-15   6.25055563e-13   4.30766534e-14   2.44979037e-11   1.82356241e-10   2.72791723e-09   8.01229509e-07   1.34286626e-06   3.79677542e-05   1.15713662e-03   2.42978769e-02   2.65220739e-01   4.05534693e-01
  0.00000000e+00   0.00000000e+00   0.00000000e+00   0.00000000e+00   0.00000000e+00   0.00000000e+00   0.00000000e+00   3.44169138e-14   9.43689571e-16   1.03211883e-12   5.56404922e-12   8.95758467e-11   3.83503684e-08   4.48486843e-08   1.03030104e-06   4.04169658e-05   1.00804538e-03   2.71655750e-02   1.99348687e-01   3.94024183e-01
  0.00000000e+00   0.00000000e+00   0.00000000e+00   0.00000000e+00   0.00000000e+00   0.00000000e+00   2.60902411e-15   0.00000000e+00   6.67244038e-14   3.38062911e-13   4.72466510e-12   3.34928224e-09   2.30443126e-09   6.02602894e-08   2.39997324e-06   6.15738376e-05   2.51767034e-03   2.40840895e-02   2.23788906e-01   4.08577616e-01
  0.00000000e+00   0.00000000e+00   0.00000000e+00   0.00000000e+00   0.00000000e+00   0.00000000e+00   0.00000000e+00   2.60902411e-15   1.17683641e-14   1.52600155e-13   1.76774817e-10   7.36112837e-11   1.95228828e-09   8.60057389e-08   2.33770762e-06   1.23838491e-04   1.03663785e-03   1.59990067e-02   1.78248264e-01   4.03789505e-01
  0.00000000e+00   0.00000000e+00   0.00000000e+00   0.00000000e+00   0.00000000e+00   0.00000000e+00   5.55111512e-17   4.44089210e-16   6.43929354e-15   1.12609921e-11   3.06565884e-12   7.50829954e-11   3.92035682e-09   1.14646789e-07   6.91067074e-06   5.51233546e-05   8.20349933e-04   1.42167341e-02   2.08321084e-01   3.93373224e-01
  0.00000000e+00   0.00000000e+00   0.00000000e+00   0.00000000e+00   0.00000000e+00   0.00000000e+00   0.00000000e+00   5.55111512e-17   8.28226376e-13   1.22513111e-13   3.73751030e-12   1.86474503e-10   5.51285223e-09   5.30738945e-07   2.75229911e-06   3.75675891e-05   7.37190106e-04   1.68496818e-02   2.10777767e-01   3.94811212e-01
  0.00000000e+00   0.00000000e+00   0.00000000e+00   0.00000000e+00   0.00000000e+00   0.00000000e+00   0.00000000e+00   5.83422199e-14   6.10622664e-15   1.68920433e-13   9.84362591e-12   3.12790294e-10   3.33628276e-08   1.68885247e-07   2.15360593e-06   3.83191527e-05   9.01616217e-04   2.38954622e-02   2.05253707e-01   4.09414454e-01
  0.00000000e+00   0.00000000e+00   0.00000000e+00   0.00000000e+00   0.00000000e+00   0.00000000e+00   3.05311332e-15   5.55111512e-17   5.05151476e-15   3.25850458e-13   1.09653953e-11   1.62496178e-09   6.35687747e-09   7.33881190e-08   1.28594984e-06   2.68780471e-05   1.04655569e-03   1.70110543e-02   1.81687986e-01   3.95400924e-01
  0.00000000e+00   0.00000000e+00   0.00000000e+00   0.00000000e+00   0.00000000e+00   5.55111512e-17   0.00000000e+00   5.55111512e-17   1.84852134e-14   6.55253629e-13   1.24186883e-10   4.07376965e-10   4.35587039e-09   7.27815852e-08   1.42455544e-06   7.12671322e-05   1.14813412e-03   1.31607661e-02   2.40631352e-01   4.10391069e-01
  0.00000000e+00   0.00000000e+00   0.00000000e+00   0.00000000e+00   0.00000000e+00   0.00000000e+00   0.00000000e+00   7.21644966e-16   3.32511796e-14   7.92999000e-12   2.21328511e-11   2.18789487e-10   3.50341312e-09   6.37969961e-08   4.11081269e-06   6.35802786e-05   5.00809096e-04   2.41300031e-02   1.96851562e-01   4.06745345e-01
  0.00000000e+00   0.00000000e+00   0.00000000e+00   0.00000000e+00   0.00000000e+00   0.00000000e+00   0.00000000e+00   1.44328993e-15   4.37538894e-13   1.12670984e-12   1.02776676e-11   1.52505009e-10   2.65941758e-09   2.22969289e-07   3.25824460e-06   1.67699132e-05   1.12921922e-03   1.51868301e-02   1.93504814e-01   4.04390028e-01
  0.00000000e+00   0.00000000e+00   0.00000000e+00   0.00000000e+00   0.00000000e+00   0.00000000e+00   0.00000000e+00   2.53685961e-14   5.17919041e-14   4.33153513e-13   6.32105479e-12   9.88164550e-11   1.09087291e-08   1.54966723e-07   4.97463458e-07   5.19894668e-05   6.61767305e-04   1.32347881e-02   1.95827788e-01   4.18155410e-01
  0.00000000e+00   0.00000000e+00   0.00000000e+00   0.00000000e+00   0.00000000e+00   0.00000000e+00   2.05391260e-15   3.10862447e-15   2.41473508e-14   3.71980224e-13   5.01548802e-12   6.88625046e-10   9.90131938e-09   2.13246675e-08   3.60656052e-06   4.02288452e-05   6.75302006e-04   1.66842486e-02   2.03513509e-01   4.02077935e-01
  0.00000000e+00   0.00000000e+00   0.00000000e+00   0.00000000e+00   0.00000000e+00   0.00000000e+00   0.00000000e+00   7.21644966e-16   1.31006317e-14   1.64868119e-13   3.02954883e-11   4.10987633e-10   5.47255519e-10   1.37108287e-07   1.40342762e-06   2.11170107e-05   5.55593831e-04   1.18894512e-02   1.87219726e-01   3.91973302e-01
  0.00000000e+00   0.00000000e+00   0.00000000e+00   0.00000000e+00   0.00000000e+00   0.00000000e+00   0.00000000e+00   6.66133815e-16   1.01030295e-14   2.28717045e-12   3.04658521e-11   2.78702617e-11   9.48328166e-09   9.16195906e-08   1.24442464e-06   3.30079557e-05   5.82109528e-04   2.25549581e-02   2.35294044e-01   4.00853017e-01
  0.00000000e+00   0.00000000e+00   0.00000000e+00   0.00000000e+00   0.00000000e+00   0.00000000e+00   0.00000000e+00   2.77555756e-16   1.47271084e-13   1.84063875e-12   1.13031806e-12   4.99365826e-10   4.64307393e-09   5.95176283e-08   1.59708158e-06   2.45254964e-05   1.39013977e-03   3.09196485e-02   2.24031890e-01   4.04580904e-01
  0.00000000e+00   0.00000000e+00   0.00000000e+00   0.00000000e+00   0.00000000e+00   0.00000000e+00   0.00000000e+00   5.55111512e-15   6.57807142e-14   2.40918396e-14   1.62045932e-11   1.39543543e-10   1.55679997e-09   4.21995991e-08   4.87476193e-07   4.48603139e-05   1.24489430e-03   1.66944306e-02   1.85545151e-01   3.96427819e-01
  0.00000000e+00   0.00000000e+00   0.00000000e+00   0.00000000e+00   0.00000000e+00   0.00000000e+00   5.55111512e-17   3.77475828e-15   7.21644966e-16   1.02395870e-12   7.52981011e-12   6.67716993e-11   1.81892479e-09   1.58179962e-08   2.24267983e-06   7.65903894e-05   8.87607275e-04   1.81283229e-02   2.22915164e-01   4.07882426e-01
  0.00000000e+00   0.00000000e+00   0.00000000e+00   0.00000000e+00   0.00000000e+00   0.00000000e+00   5.55111512e-17   0.00000000e+00   5.52891066e-14   3.81916720e-13   3.05555581e-12   8.39762704e-11   5.87592475e-10   1.21788275e-07   4.50861728e-06   4.69412352e-05   1.03996949e-03   2.12645314e-02   1.90408447e-01   4.00092273e-01
  0.00000000e+00   0.00000000e+00   0.00000000e+00   0.00000000e+00   0.00000000e+00   0.00000000e+00   0.00000000e+00   2.10942375e-15   1.62092562e-14   1.25122135e-13   3.48349127e-12   2.01760830e-11   6.00406547e-09   2.29853228e-07   2.21263030e-06   5.09994486e-05   1.06568585e-03   1.19583280e-02   1.98635837e-01   4.01037967e-01
  0.00000000e+00   0.00000000e+00   0.00000000e+00   0.00000000e+00   0.00000000e+00   0.00000000e+00   0.00000000e+00   4.99600361e-16   4.88498131e-15   1.38722367e-13   6.02018435e-13   2.80509116e-10   1.22444568e-08   1.02861765e-07   2.51527976e-06   5.13828090e-05   4.24599924e-04   1.80509919e-02   2.09399601e-01   4.07116821e-01
  0.00000000e+00   0.00000000e+00   0.00000000e+00   0.00000000e+00   0.00000000e+00   0.00000000e+00   0.00000000e+00   1.66533454e-16   7.88258347e-15   3.11972670e-14   1.88262739e-11   8.35641889e-10   6.53506815e-09   1.64854969e-07   3.28885593e-06   2.10460624e-05   1.24422939e-03   2.53672494e-02   2.03780697e-01   4.00091627e-01
  0.00000000e+00   0.00000000e+00   0.00000000e+00   0.00000000e+00   0.00000000e+00   0.00000000e+00   0.00000000e+00   5.55111512e-17   4.44089210e-16   7.48290319e-13   4.17614276e-11   2.67576017e-10   7.32624250e-09   1.42434909e-07   6.04988257e-07   5.44113466e-05   1.19780085e-03   1.47684287e-02   2.35122652e-01   4.08173219e-01
  0.00000000e+00   0.00000000e+00   0.00000000e+00   0.00000000e+00   0.00000000e+00   0.00000000e+00   0.00000000e+00   0.00000000e+00   3.86357613e-14   2.14828155e-12   1.26476607e-11   3.57838759e-10   6.76935175e-09   2.14648974e-08   2.68262256e-06   6.02500572e-05   4.97698358e-04   2.13632699e-02   1.86179282e-01   3.95105061e-01
  0.00000000e+00   0.00000000e+00   0.00000000e+00   0.00000000e+00   0.00000000e+00   0.00000000e+00   0.00000000e+00   1.27675648e-15   1.14241949e-13   5.26800825e-13   1.64797620e-11   3.05567904e-10   6.46614984e-10   1.18879245e-07   2.55472213e-06   1.65861023e-05   1.01368261e-03   1.24756746e-02   2.13043730e-01   3.93638378e-01
  0.00000000e+00   0.00000000e+00   0.00000000e+00   0.00000000e+00   0.00000000e+00   0.00000000e+00   0.00000000e+00   7.32747196e-15   3.23074900e-14   1.03139719e-12   1.86063942e-11   3.05140357e-11   7.58253504e-09   1.67308239e-07   6.91445543e-07   6.15607762e-05   6.35428026e-04   2.68971136e-02   2.25973904e-01   4.05431083e-01
  0.00000000e+00   0.00000000e+00   0.00000000e+00   0.00000000e+00   0.00000000e+00   0.00000000e+00   1.66533454e-16   9.99200722e-16   4.29101199e-14   7.54785123e-13   8.35165270e-13   3.09436810e-10   6.68011035e-09   1.90670741e-08   2.47443334e-06   1.95084005e-05   1.40150390e-03   2.13664087e-02   2.13080084e-01   4.14189778e-01
  0.00000000e+00   0.00000000e+00   0.00000000e+00   0.00000000e+00   0.00000000e+00   0.00000000e+00   0.00000000e+00   1.94289029e-15   3.14193116e-14   2.63122857e-14   1.38337120e-11   3.12866899e-10   4.89069396e-10   1.02745604e-07   6.33165295e-07   6.62059203e-05   1.12990581e-03   1.42607556e-02   2.06801282e-01   4.02090615e-01
  0.00000000e+00   0.00000000e+00   0.00000000e+00   0.00000000e+00   0.00000000e+00   0.00000000e+00   0.00000000e+00   1.11022302e-15   6.66133815e-16   6.30384633e-13   1.41429091e-11   1.48200896e-11   4.55819898e-09   2.18642145e-08   3.42029174e-06   5.45522626e-05   5.58317429e-04   1.47636347e-02   1.77225564e-01   3.94699825e-01
  0.00000000e+00   0.00000000e+00   0.00000000e+00   0.00000000e+00   0.00000000e+00   0.00000000e+00   0.00000000e+00   0.00000000e+00   3.46944695e-14   7.71660513e-13   5.85420601e-13   2.46111354e-10   9.34226252e-10   2.13826805e-07   3.15918076e-06   2.67761728e-05   6.68973622e-04   1.47686387e-02   2.03732513e-01   4.00351589e-01
  0.00000000e+00   0.00000000e+00   0.00000000e+00   0.00000000e+00   0.00000000e+00   0.00000000e+00   0.00000000e+00   1.55431223e-15   3.88578059e-14   1.97619698e-14   1.21489485e-11   3.62970209e-11   1.21817816e-08   1.69407174e-07   1.11440308e-06   2.68464990e-05   6.33790271e-04   1.98107441e-02   2.14392542e-01   3.97005280e-01
  0.00000000e+00   0.00000000e+00   0.00000000e+00   0.00000000e+00   0.00000000e+00   0.00000000e+00   0.00000000e+00   1.72084569e-15   4.99600361e-16   5.39679412e-13   1.25771615e-12   6.38162578e-10   7.90826421e-09   4.49320739e-08   9.25676212e-07   2.24172113e-05   1.01019354e-03   2.05169207e-02   1.92274560e-01   3.94986054e-01
  0.00000000e+00   0.00000000e+00   0.00000000e+00   0.00000000e+00   0.00000000e+00   0.00000000e+00   5.55111512e-17   0.00000000e+00   3.80806497e-14   7.16093851e-14   5.12666021e-11   5.95065774e-10   2.73630946e-09   5.36160025e-08   1.32307637e-06   7.49591020e-05   1.69154065e-03   2.72252960e-02   2.57318216e-01   4.04448777e-01
  0.00000000e+00   0.00000000e+00   0.00000000e+00   0.00000000e+00   0.00000000e+00   0.00000000e+00   0.00000000e+00   1.33226763e-15   1.77635684e-15   2.11414219e-12   2.49481547e-11   7.77537479e-11   1.62742120e-09   4.35075231e-08   2.75895461e-06   7.34277421e-05   1.13530682e-03   2.47571630e-02   1.87459413e-01   3.89351795e-01
  0.00000000e+00   0.00000000e+00   0.00000000e+00   0.00000000e+00   0.00000000e+00   0.00000000e+00   0.00000000e+00   0.00000000e+00   1.22846178e-13   1.25410793e-12   3.53289620e-12   6.03490036e-11   1.62685654e-09   1.48866332e-07   3.85396805e-06   6.58887011e-05   1.79455315e-03   1.95289860e-02   2.14008045e-01   4.06620527e-01
  0.00000000e+00   0.00000000e+00   0.00000000e+00   0.00000000e+00   0.00000000e+00   0.00000000e+00   0.00000000e+00   7.43849426e-15   7.58837437e-14   1.51767487e-13   2.77439183e-12   7.90475463e-11   8.10500844e-09   2.39671582e-07   3.75836021e-06   1.07974722e-04   1.08094467e-03   2.86481487e-02   2.13368502e-01   4.08336668e-01
  0.00000000e+00   0.00000000e+00   0.00000000e+00   0.00000000e+00   0.00000000e+00   0.00000000e+00   1.66533454e-16   4.10782519e-15   6.32827124e-15   1.09134923e-13   3.23324700e-12   4.26954749e-10   1.33330367e-08   2.10595884e-07   6.75103932e-06   5.71260940e-05   2.09645208e-03   1.89793708e-02   2.32608135e-01   4.13241772e-01
  0.00000000e+00   0.00000000e+00   0.00000000e+00   0.00000000e+00   0.00000000e+00   0.00000000e+00   5.55111512e-17   5.55111512e-17   3.55271368e-15   1.10800258e-13   1.61488045e-11   5.87949300e-10   8.39945635e-09   2.88563035e-07   2.09252757e-06   1.15440912e-04   5.31165544e-04   1.47439600e-02   1.68230813e-01   3.96158216e-01
  0.00000000e+00   0.00000000e+00   0.00000000e+00   0.00000000e+00   0.00000000e+00   0.00000000e+00   0.00000000e+00   0.00000000e+00   4.82947016e-15   9.19042620e-13   3.41278672e-11   5.08766085e-10   1.97180896e-08   1.20555322e-07   8.11465862e-06   2.57719258e-05   7.08775298e-04   1.35409022e-02   2.07519737e-01   3.99529054e-01
  0.00000000e+00   0.00000000e+00   0.00000000e+00   0.00000000e+00   0.00000000e+00   0.00000000e+00   0.00000000e+00   1.66533454e-16   6.06736883e-14   2.38536968e-12   3.54870022e-11   1.49629420e-09   7.91180144e-09   6.79374308e-07   1.33234120e-06   3.97696409e-05   7.91714509e-04   2.32677062e-02   2.31789308e-01   4.14999133e-01
  0.00000000e+00   0.00000000e+00   0.00000000e+00   0.00000000e+00   0.00000000e+00   0.00000000e+00   0.00000000e+00   2.77555756e-15   1.16517906e-13   1.72228898e-12   7.96941402e-11   3.60471875e-10   4.05214356e-08   4.77982243e-08   1.52711398e-06   3.07594029e-05   1.02942729e-03   1.74395022e-02   1.92695250e-01   3.98124133e-01
  0.00000000e+00   0.00000000e+00   0.00000000e+00   0.00000000e+00   0.00000000e+00   0.00000000e+00   0.00000000e+00   5.66213743e-15   8.04356581e-14   4.12986312e-12   1.56481494e-11   2.43641618e-09   1.61667296e-09   5.65140460e-08   1.13485714e-06   4.17859845e-05   6.74762895e-04   1.38527934e-02   2.04946955e-01   4.00264492e-01
  0.00000000e+00   0.00000000e+00   0.00000000e+00   0.00000000e+00   0.00000000e+00   0.00000000e+00   1.66533454e-16   4.88498131e-15   2.69728684e-13   8.93840557e-13   1.83813020e-10   6.79398204e-11   2.83000806e-09   5.71527914e-08   2.27145789e-06   3.39460236e-05   7.18948231e-04   2.06945028e-02   2.04897713e-01   3.95480204e-01
  0.00000000e+00   0.00000000e+00   0.00000000e+00   0.00000000e+00   0.00000000e+00   0.00000000e+00   2.22044605e-16   1.83186799e-14   5.05706588e-14   1.26008093e-11   3.35942385e-12   1.25760791e-10   2.60864652e-09   1.11705320e-07   1.56459497e-06   3.26321927e-05   1.07854274e-03   1.90435345e-02   2.31262099e-01   4.05329290e-01
  0.00000000e+00   0.00000000e+00   0.00000000e+00   0.00000000e+00   0.00000000e+00   0.00000000e+00   1.11022302e-15   2.88657986e-15   9.39692768e-13   1.46771484e-13   6.17939033e-12   1.27846733e-10   5.92445587e-09   7.63177590e-08   1.59720239e-06   5.93145117e-05   1.03706086e-03   3.24129456e-02   2.17080344e-01   4.06802445e-01
  0.00000000e+00   0.00000000e+00   0.00000000e+00   0.00000000e+00   0.00000000e+00   0.00000000e+00   5.55111512e-17   6.60027588e-14   5.10702591e-15   2.75002243e-13   5.61511948e-12   2.84813895e-10   3.31637623e-09   7.02020369e-08   2.99343871e-06   4.93976982e-05   2.51013297e-03   2.23719520e-02   2.26345942e-01   4.08866535e-01
  0.00000000e+00   0.00000000e+00   0.00000000e+00   0.00000000e+00   0.00000000e+00   0.00000000e+00   3.71924713e-15   5.55111512e-17   9.54791801e-15   1.96953565e-13   1.08471565e-11   1.16829491e-10   2.44594228e-09   1.14933173e-07   1.79568235e-06   1.33305254e-04   9.77486875e-04   1.64280430e-02   1.88143565e-01   3.96792781e-01
  0.00000000e+00   0.00000000e+00   0.00000000e+00   0.00000000e+00   0.00000000e+00   5.55111512e-17   0.00000000e+00   2.22044605e-16   7.82707232e-15   4.77784479e-13   4.73221462e-12   9.89471838e-11   5.19699944e-09   7.68271214e-08   8.32204294e-06   4.65457087e-05   7.37286660e-04   1.21141123e-02   1.93636014e-01   4.02469852e-01
  0.00000000e+00   0.00000000e+00   0.00000000e+00   0.00000000e+00   0.00000000e+00   0.00000000e+00   0.00000000e+00   1.66533454e-16   2.13162821e-14   1.91513472e-13   4.02605727e-12   2.41951403e-10   3.36133121e-09   5.56847287e-07   2.23830857e-06   3.29690853e-05   4.28950145e-04   2.16321504e-02   1.98743035e-01   4.01115083e-01
  0.00000000e+00   0.00000000e+00   0.00000000e+00   0.00000000e+00   0.00000000e+00   0.00000000e+00   0.00000000e+00   1.05471187e-15   1.03250741e-14   2.11552997e-13   1.31291089e-11   1.75848114e-10   3.76322392e-08   1.36687911e-07   1.45824267e-06   2.28051249e-05   1.44486320e-03   1.66791862e-02   2.25732956e-01   4.08364347e-01
  0.00000000e+00   0.00000000e+00   0.00000000e+00   0.00000000e+00   0.00000000e+00   0.00000000e+00   0.00000000e+00   2.77555756e-16   1.03250741e-14   7.35689287e-13   9.30777677e-12   2.92261298e-09   7.78926329e-09   7.91587932e-08   9.15761217e-07   1.02114513e-04   7.75916488e-04   2.45212213e-02   2.24234906e-01   4.01215497e-01
  0.00000000e+00   0.00000000e+00   0.00000000e+00   0.00000000e+00   0.00000000e+00   0.00000000e+00   0.00000000e+00   1.66533454e-16   2.71449530e-14   3.24573701e-13   1.53406898e-10   3.04504200e-10   2.67466382e-09   2.50217690e-08   4.84459684e-06   2.27262172e-05   1.01961495e-03   1.68505523e-02   1.85610140e-01   4.00927921e-01
  0.00000000e+00   0.00000000e+00   0.00000000e+00   0.00000000e+00   0.00000000e+00   0.00000000e+00   0.00000000e+00   1.44328993e-15   1.64313008e-14   1.13822285e-11   1.69670389e-11   1.36223643e-10   1.03863074e-09   3.26127332e-07   9.86194713e-07   5.65337020e-05   8.92723202e-04   1.62021722e-02   2.11605307e-01   3.87500175e-01
  0.00000000e+00   0.00000000e+00   0.00000000e+00   0.00000000e+00   0.00000000e+00   0.00000000e+00   0.00000000e+00   6.66133815e-16   7.44015960e-13   8.74300632e-13   5.91560134e-12   4.02954337e-11   1.95310859e-08   3.94935250e-08   2.90626352e-06   4.15640058e-05   8.13679897e-04   2.04973475e-02   2.13479731e-01   4.09402110e-01
  0.00000000e+00   0.00000000e+00   0.00000000e+00   0.00000000e+00   0.00000000e+00   0.00000000e+00   0.00000000e+00   5.15698595e-14   4.31321645e-14   2.79942736e-13   1.39727119e-12   1.21429700e-09   1.48876572e-09   1.41336565e-07   1.87840503e-06   3.71672836e-05   1.00359788e-03   2.60191514e-02   2.14475578e-01   4.01961019e-01
  0.00000000e+00   0.00000000e+00   0.00000000e+00   0.00000000e+00   0.00000000e+00   0.00000000e+00   3.10862447e-15   2.10942375e-15   1.11022302e-14   5.96744876e-14   6.87105373e-11   6.00761108e-11   7.38053108e-09   8.57213946e-08   1.82177564e-06   5.56483441e-05   1.82405467e-03   1.93706918e-02   1.86111551e-01   4.07094498e-01
  0.00000000e+00   0.00000000e+00   0.00000000e+00   0.00000000e+00   0.00000000e+00   5.55111512e-17   5.55111512e-17   4.44089210e-16   2.44249065e-15   4.68480810e-12   2.68729483e-12   4.23549362e-10   4.48313214e-09   9.81952357e-08   3.13222765e-06   1.37681924e-04   1.04567490e-03   1.75315990e-02   2.23306401e-01   3.97032222e-01
  0.00000000e+00   0.00000000e+00   0.00000000e+00   0.00000000e+00   0.00000000e+00   0.00000000e+00   0.00000000e+00   0.00000000e+00   2.51410004e-13   8.99280650e-14   1.83013604e-11   1.78313753e-10   3.97477679e-09   1.29997591e-07   7.99571642e-06   4.00332533e-05   7.21962843e-04   1.70119008e-02   2.05112664e-01   3.95387909e-01
  0.00000000e+00   0.00000000e+00   0.00000000e+00   0.00000000e+00   0.00000000e+00   0.00000000e+00   0.00000000e+00   1.43773882e-14   3.10862447e-15   8.54483151e-13   7.54529772e-12   1.73273118e-10   5.92317057e-09   5.03069229e-07   1.63654831e-06   2.89527906e-05   7.34604297e-04   2.61661407e-02   2.10190014e-01   4.01551851e-01
  0.00000000e+00   0.00000000e+00   0.00000000e+00   0.00000000e+00   0.00000000e+00   0.00000000e+00   7.77156117e-16   5.55111512e-17   4.89053242e-14   3.87245791e-13   9.33364497e-12   3.48351903e-10   3.69518966e-08   8.27348166e-08   1.37371689e-06   3.56662191e-05   2.02328246e-03   2.83753745e-02   2.14226416e-01   4.06179295e-01
  0.00000000e+00   0.00000000e+00   0.00000000e+00   0.00000000e+00   0.00000000e+00   0.00000000e+00   0.00000000e+00   2.72004641e-15   2.13162821e-14   5.13866727e-13   1.92249550e-11   2.81725343e-09   4.34035935e-09   7.50911721e-08   1.89482299e-06   1.62779667e-04   2.09922373e-03   2.19513242e-02   2.07173857e-01   4.04008301e-01
  0.00000000e+00   0.00000000e+00   0.00000000e+00   0.00000000e+00   0.00000000e+00   0.00000000e+00   5.55111512e-17   7.21644966e-16   2.04836148e-14   8.10462808e-13   1.61324620e-10   1.61229086e-10   2.60890443e-09   6.82731235e-08   9.25940803e-06   1.17193502e-04   9.53561922e-04   1.68121433e-02   2.15842806e-01   4.07768760e-01
  0.00000000e+00   0.00000000e+00   0.00000000e+00   0.00000000e+00   0.00000000e+00   0.00000000e+00   0.00000000e+00   6.66133815e-16   3.29181127e-14   8.87312446e-12   5.77687898e-12   8.20280510e-11   2.33248437e-09   4.88060186e-07   6.31911839e-06   3.73548086e-05   6.58878660e-04   1.76850779e-02   1.77784450e-01   4.10007418e-01
  0.00000000e+00   0.00000000e+00   0.00000000e+00   0.00000000e+00   0.00000000e+00   0.00000000e+00   0.00000000e+00   1.83186799e-15   7.14595050e-13   3.18522986e-13   4.73121542e-12   1.29421751e-10   4.12146650e-08   4.73776926e-07   2.20847373e-06   3.70229436e-05   1.19137691e-03   1.33950032e-02   2.17378904e-01   4.02012450e-01
  0.00000000e+00   0.00000000e+00   0.00000000e+00   0.00000000e+00   0.00000000e+00   0.00000000e+00   0.00000000e+00   4.71844785e-14   1.43773882e-14   1.99396055e-13   5.67346170e-12   2.68269246e-09   3.08012004e-08   1.07688118e-07   1.73885688e-06   6.21478704e-05   5.09343557e-04   1.67410986e-02   2.00003386e-01   3.99114561e-01
  0.00000000e+00   0.00000000e+00   0.00000000e+00   0.00000000e+00   0.00000000e+00   0.00000000e+00   3.49720253e-15   5.55111512e-16   1.01585407e-14   2.85660384e-13   2.08841888e-10   2.28345098e-09   5.97776306e-09   9.23907456e-08   3.73137284e-06   2.09505728e-05   7.96251308e-04   2.36902556e-02   2.39630470e-01   4.05852588e-01
  0.00000000e+00   0.00000000e+00   0.00000000e+00   0.00000000e+00   0.00000000e+00   5.55111512e-17   0.00000000e+00   1.66533454e-16   9.15933995e-15   1.04496412e-11   1.16799292e-10   2.16802576e-10   3.21882354e-09   1.45289218e-07   5.48510329e-07   2.30186671e-05   9.62076174e-04   2.95643138e-02   1.86529295e-01   4.04573489e-01
  0.00000000e+00   0.00000000e+00   0.00000000e+00   0.00000000e+00   0.00000000e+00   0.00000000e+00   0.00000000e+00   2.77555756e-16   7.92199639e-13   8.74322836e-12   1.22408195e-11   1.74992465e-10   8.75726186e-09   2.32338425e-08   1.06114028e-06   5.71335663e-05   2.20250760e-03   1.81982415e-02   2.26223508e-01   4.18373761e-01
  0.00000000e+00   0.00000000e+00   0.00000000e+00   0.00000000e+00   0.00000000e+00   0.00000000e+00   0.00000000e+00   4.64073224e-14   4.79838391e-13   4.96935826e-13   6.73822109e-12   3.88859223e-10   6.82895462e-10   3.39862934e-08   2.44062869e-06   1.05801997e-04   7.44894726e-04   2.29168172e-02   1.83539471e-01   4.00057931e-01
  0.00000000e+00   0.00000000e+00   0.00000000e+00   0.00000000e+00   0.00000000e+00   0.00000000e+00   4.49640325e-15   4.28546088e-14   3.65263375e-14   4.73010520e-13   3.07925907e-11   3.93904909e-11   2.08322104e-09   1.86017181e-07   7.57710052e-06   5.26188356e-05   1.67533107e-03   1.70824952e-02   2.46985030e-01   4.20970366e-01
  0.00000000e+00   0.00000000e+00   0.00000000e+00   0.00000000e+00   0.00000000e+00   5.55111512e-17   2.33146835e-15   1.27675648e-15   1.82076576e-14   1.34758871e-12   1.15446541e-12   6.68615163e-11   7.89622989e-09   4.20492087e-07   2.06724615e-06   7.57198894e-05   4.75000450e-04   2.61113968e-02   2.16741910e-01   4.15468673e-01
  0.00000000e+00   0.00000000e+00   0.00000000e+00   0.00000000e+00   0.00000000e+00   0.00000000e+00   0.00000000e+00   4.99600361e-16   6.32827124e-14   3.57491814e-14   2.26824115e-12   3.57496088e-10   1.96882982e-08   8.53048672e-08   3.18345338e-06   1.32641415e-05   1.44470770e-03   1.38121891e-02   1.85062368e-01   4.01686251e-01
  0.00000000e+00   0.00000000e+00   0.00000000e+00   0.00000000e+00   0.00000000e+00   0.00000000e+00   0.00000000e+00   3.21964677e-15   9.99200722e-16   8.47655279e-14   1.75623960e-11   8.85538032e-10   3.77595621e-09   1.35296785e-07   4.35478083e-07   7.92307879e-05   4.32940762e-04   9.42796942e-03   2.06095605e-01   3.95115493e-01
  0.00000000e+00   0.00000000e+00   0.00000000e+00   0.00000000e+00   0.00000000e+00   0.00000000e+00   0.00000000e+00   0.00000000e+00   3.27515792e-15   8.91009488e-13   7.05024927e-11   1.85651050e-10   8.49579285e-09   1.30521612e-08   4.63116972e-06   1.62978794e-05   2.86519315e-04   1.88283581e-02   2.02954715e-01   4.08144880e-01
  0.00000000e+00   0.00000000e+00   0.00000000e+00   0.00000000e+00   0.00000000e+00   0.00000000e+00   0.00000000e+00   0.00000000e+00   3.75255382e-14   2.87547763e-12   7.20362658e-12   3.26881133e-10   3.35127148e-10   2.22030540e-07   4.33642445e-07   7.02786141e-06   8.17835923e-04   1.86108656e-02   1.93277319e-01   4.09595412e-01
  0.00000000e+00   0.00000000e+00   0.00000000e+00   0.00000000e+00   0.00000000e+00   0.00000000e+00   0.00000000e+00   2.10942375e-15   2.09110507e-13   4.15001367e-13   2.02702855e-11   1.39860346e-11   1.54401551e-08   1.79222683e-08   2.72278335e-07   5.20910834e-05   1.42168035e-03   2.29324396e-02   1.98239812e-01   4.04495810e-01
  0.00000000e+00   0.00000000e+00   0.00000000e+00   0.00000000e+00   0.00000000e+00   0.00000000e+00   0.00000000e+00   1.21014310e-14   1.79301018e-14   9.79494263e-13   3.97903932e-13   8.16373580e-10   5.44800871e-10   7.27642452e-09   2.42849879e-06   7.87752192e-05   1.11407003e-03   1.28740358e-02   2.06553043e-01   4.10007392e-01
  0.00000000e+00   0.00000000e+00   0.00000000e+00   0.00000000e+00   0.00000000e+00   0.00000000e+00   5.55111512e-16   7.21644966e-16   5.12367926e-14   1.43773882e-14   5.01849118e-11   1.98580596e-11   2.47842302e-10   1.35292900e-07   5.08150963e-06   5.66181419e-05   5.17142221e-04   1.79457225e-02   2.09777712e-01   4.07516305e-01
  0.00000000e+00   0.00000000e+00   0.00000000e+00   0.00000000e+00   0.00000000e+00   0.00000000e+00   0.00000000e+00   2.22044605e-15   3.33066907e-16   3.20665716e-12   7.17648163e-13   9.31082988e-12   8.41106101e-09   3.55196808e-07   2.57634380e-06   2.29317070e-05   9.07495149e-04   1.88654346e-02   1.97650640e-01   3.93024487e-01
  0.00000000e+00   0.00000000e+00   0.00000000e+00   0.00000000e+00   0.00000000e+00   0.00000000e+00   5.55111512e-17   0.00000000e+00   1.69086967e-13   2.34257058e-14   2.30482300e-13   3.37147255e-10   1.81373392e-08   1.38606054e-07   5.86938195e-07   3.93184567e-05   7.28885406e-04   1.54342729e-02   2.08028763e-01   4.03563988e-01
